I0=1.000000e+00 a=1.000000e+02
每层厚度分别为：4.000000e+01	4.000000e+01	1.000000e+20	
每层电导率分别为：1.000000e-01	1.000000e-01	1.000000e-01	
正演数据：
1.000000e-04  2.161227e-05
1.258925e-04  1.749110e-05
1.584893e-04  1.336414e-05
1.995262e-04  9.690320e-06
2.511886e-04  6.712781e-06
3.162278e-04  4.473125e-06
3.981072e-04  2.885581e-06
5.011872e-04  1.812261e-06
6.309573e-04  1.113494e-06
7.943282e-04  6.720917e-07
1.000000e-03  3.998923e-07
1.258925e-03  2.352170e-07
1.584893e-03  1.370921e-07
1.995262e-03  7.932022e-08
2.511886e-03  4.562798e-08
3.162278e-03  2.612580e-08
3.981072e-03  1.490421e-08
5.011872e-03  8.477637e-09
6.309573e-03  4.810904e-09
7.943282e-03  2.725028e-09
1.000000e-02  1.541247e-09
1.258925e-02  8.706859e-10
1.584893e-02  4.914092e-10
1.995262e-02  2.771410e-10
2.511886e-02  1.562070e-10
3.162278e-02  8.800246e-11
3.981072e-02  4.955941e-11
5.011872e-02  2.790152e-11
6.309573e-02  1.570458e-11
7.943282e-02  8.837780e-12
1.000000e-01  4.972729e-12
1.258925e-01  2.797658e-12
1.584893e-01  1.573814e-12
1.995262e-01  8.852780e-13
2.511886e-01  4.979433e-13
3.162278e-01  2.800654e-13
3.981072e-01  1.575153e-13
5.011872e-01  8.858761e-14
6.309573e-01  4.982105e-14
7.943282e-01  2.801848e-14
1.000000e+00  1.575686e-14
1.258925e+00  8.861142e-15
1.584893e+00  4.983167e-15
1.995262e+00  2.802324e-15
2.511886e+00  1.575899e-15
3.162278e+00  8.862089e-16
3.981072e+00  4.983588e-16
5.011872e+00  2.802518e-16
6.309573e+00  1.575983e-16
7.943282e+00  8.862485e-17
1.000000e+01  4.983772e-17
1.258925e+01  2.802601e-17
1.584893e+01  1.576018e-17
1.995262e+01  8.862643e-18
2.511886e+01  4.983903e-18
3.162278e+01  2.802614e-18
3.981072e+01  1.576055e-18
5.011872e+01  8.862525e-19
6.309573e+01  4.983588e-19
7.943282e+01  2.802633e-19
1.000000e+02  1.576113e-19
