I0=1.000000e+00 a=1.000000e+02
每层厚度分别为：4.000000e+01	4.000000e+01	1.000000e+20	
每层电导率分别为：1.000000e-01	1.000000e-01	1.000000e-01	
正演数据：
1.000000e-04  2.161109e-05
1.258925e-04  1.749027e-05
1.584893e-04  1.336351e-05
1.995262e-04  9.689427e-06
2.511886e-04  6.711362e-06
3.162278e-04  4.471405e-06
3.981072e-04  2.884025e-06
5.011872e-04  1.811183e-06
6.309573e-04  1.112929e-06
7.943282e-04  6.719009e-07
1.000000e-03  3.999054e-07
1.258925e-03  2.353080e-07
1.584893e-03  1.371921e-07
1.995262e-03  7.940215e-08
2.511886e-03  4.568645e-08
3.162278e-03  2.616435e-08
3.981072e-03  1.492837e-08
5.011872e-03  8.492283e-09
6.309573e-03  4.819582e-09
7.943282e-03  2.730090e-09
1.000000e-02  1.544168e-09
1.258925e-02  8.723591e-10
1.584893e-02  4.923626e-10
1.995262e-02  2.776824e-10
2.511886e-02  1.565135e-10
3.162278e-02  8.817577e-11
3.981072e-02  4.965725e-11
5.011872e-02  2.795670e-11
6.309573e-02  1.573569e-11
7.943282e-02  8.855299e-12
1.000000e-01  4.982594e-12
1.258925e-01  2.803212e-12
1.584893e-01  1.576940e-12
1.995262e-01  8.870365e-13
2.511886e-01  4.989327e-13
3.162278e-01  2.806221e-13
3.981072e-01  1.578285e-13
5.011872e-01  8.876366e-14
6.309573e-01  4.992010e-14
7.943282e-01  2.807419e-14
1.000000e+00  1.578821e-14
1.258925e+00  8.878784e-15
1.584893e+00  4.993074e-15
1.995262e+00  2.807898e-15
2.511886e+00  1.579027e-15
3.162278e+00  8.879662e-16
3.981072e+00  4.993535e-16
5.011872e+00  2.808124e-16
6.309573e+00  1.579112e-16
7.943282e+00  8.880381e-17
1.000000e+01  4.993701e-17
1.258925e+01  2.808010e-17
1.584893e+01  1.579396e-17
1.995262e+01  8.881600e-18
2.511886e+01  4.993673e-18
3.162278e+01  2.808262e-18
3.981072e+01  1.578158e-18
5.011872e+01  8.881595e-19
6.309573e+01  4.991840e-19
7.943282e+01  2.806575e-19
1.000000e+02  1.578988e-19
