I0=1.000000e+00 a=1.000000e+02
每层厚度分别为：4.000000e+01	4.000000e+01	1.000000e+20	
每层电导率分别为：1.000000e-01	1.000000e-01	1.000000e-01	
正演数据：
1.000000e-04  2.190741e-05
1.258925e-04  1.769398e-05
1.584893e-04  1.354326e-05
1.995262e-04  9.907649e-06
2.511886e-04  6.993732e-06
3.162278e-04  4.801529e-06
3.981072e-04  3.221800e-06
5.011872e-04  2.116668e-06
6.309573e-04  1.361202e-06
7.943282e-04  8.558747e-07
1.000000e-03  5.255710e-07
1.258925e-03  3.149953e-07
1.584893e-03  1.842357e-07
1.995262e-03  1.051845e-07
2.511886e-03  5.864350e-08
3.162278e-03  3.193970e-08
3.981072e-03  1.699443e-08
5.011872e-03  8.829356e-09
6.309573e-03  4.473007e-09
7.943282e-03  2.203556e-09
1.000000e-02  1.050347e-09
1.258925e-02  4.800843e-10
1.584893e-02  2.068621e-10
1.995262e-02  8.103181e-11
2.511886e-02  2.614968e-11
3.162278e-02  4.165308e-12
3.981072e-02  -3.314818e-12
5.011872e-02  -4.872164e-12
6.309573e-02  -4.326732e-12
7.943282e-02  -3.264665e-12
1.000000e-01  -2.269116e-12
1.258925e-01  -1.500647e-12
1.584893e-01  -9.598461e-13
1.995262e-01  -5.994152e-13
2.511886e-01  -3.676645e-13
3.162278e-01  -2.223946e-13
3.981072e-01  -1.330410e-13
5.011872e-01  -7.887645e-14
6.309573e-01  -4.641955e-14
7.943282e-01  -2.715078e-14
1.000000e+00  -1.579850e-14
1.258925e+00  -9.152575e-15
1.584893e+00  -5.282542e-15
1.995262e+00  -3.039098e-15
2.511886e+00  -1.743574e-15
3.162278e+00  -9.979086e-16
3.981072e+00  -5.699441e-16
5.011872e+00  -3.249235e-16
6.309573e+00  -1.849425e-16
7.943282e+00  -1.051198e-16
1.000000e+01  -5.967589e-17
1.258925e+01  -3.384104e-17
1.584893e+01  -1.917233e-17
1.995262e+01  -1.085278e-17
2.511886e+01  -6.138816e-18
3.162278e+01  -3.470112e-18
3.981072e+01  -1.960426e-18
5.011872e+01  -1.106962e-18
6.309573e+01  -6.247667e-19
7.943282e+01  -3.524741e-19
1.000000e+02  -1.987840e-19
