I0=1.000000e+00 a=1.000000e+02
每层厚度分别为：4.000000e+01	4.000000e+01	1.000000e+20	
每层电导率分别为：1.000000e-01	1.000000e-01	1.000000e-01	
正演数据：
1.000000e-04  2.161109e-05
1.258925e-04  1.749028e-05
1.584893e-04  1.336351e-05
1.995262e-04  9.689441e-06
2.511886e-04  6.711387e-06
3.162278e-04  4.471432e-06
3.981072e-04  2.884044e-06
5.011872e-04  1.811190e-06
6.309573e-04  1.112928e-06
7.943282e-04  6.718966e-07
1.000000e-03  3.999005e-07
1.258925e-03  2.353040e-07
1.584893e-03  1.371894e-07
1.995262e-03  7.940035e-08
2.511886e-03  4.568536e-08
3.162278e-03  2.616371e-08
3.981072e-03  1.492800e-08
5.011872e-03  8.492072e-09
6.309573e-03  4.819462e-09
7.943282e-03  2.730022e-09
1.000000e-02  1.544130e-09
1.258925e-02  8.723380e-10
1.584893e-02  4.923505e-10
1.995262e-02  2.776755e-10
2.511886e-02  1.565098e-10
3.162278e-02  8.817376e-11
3.981072e-02  4.965614e-11
5.011872e-02  2.795603e-11
6.309573e-02  1.573535e-11
7.943282e-02  8.855142e-12
1.000000e-01  4.982476e-12
1.258925e-01  2.803151e-12
1.584893e-01  1.576878e-12
1.995262e-01  8.870213e-13
2.511886e-01  4.989246e-13
3.162278e-01  2.806271e-13
3.981072e-01  1.578256e-13
5.011872e-01  8.877404e-14
6.309573e-01  4.992002e-14
7.943282e-01  2.807116e-14
1.000000e+00  1.578887e-14
1.258925e+00  8.879794e-15
1.584893e+00  4.992032e-15
1.995262e+00  2.808050e-15
2.511886e+00  1.578654e-15
3.162278e+00  8.878989e-16
3.981072e+00  4.989731e-16
5.011872e+00  2.809837e-16
6.309573e+00  1.575034e-16
7.943282e+00  8.835468e-17
1.000000e+01  5.019472e-17
1.258925e+01  2.809729e-17
1.584893e+01  1.578702e-17
1.995262e+01  8.717484e-18
2.511886e+01  5.095269e-18
3.162278e+01  2.832865e-18
3.981072e+01  1.579208e-18
5.011872e+01  9.981162e-19
6.309573e+01  5.559453e-19
7.943282e+01  2.929246e-19
1.000000e+02  1.858044e-19
