I0=1.000000e+00 a=1.000000e+02
每层厚度分别为：4.000000e+01	4.000000e+01	1.000000e+20	
每层电导率分别为：1.000000e-01	1.000000e-01	1.000000e-01	
正演数据：
1.000000e-04  2.161109e-05
1.258925e-04  1.749028e-05
1.584893e-04  1.336351e-05
1.995262e-04  9.689441e-06
2.511886e-04  6.711387e-06
3.162278e-04  4.471433e-06
3.981072e-04  2.884044e-06
5.011872e-04  1.811190e-06
6.309573e-04  1.112928e-06
7.943282e-04  6.718964e-07
1.000000e-03  3.999004e-07
1.258925e-03  2.353039e-07
1.584893e-03  1.371893e-07
1.995262e-03  7.940033e-08
2.511886e-03  4.568534e-08
3.162278e-03  2.616370e-08
3.981072e-03  1.492799e-08
5.011872e-03  8.492069e-09
6.309573e-03  4.819460e-09
7.943282e-03  2.730022e-09
1.000000e-02  1.544130e-09
1.258925e-02  8.723376e-10
1.584893e-02  4.923506e-10
1.995262e-02  2.776756e-10
2.511886e-02  1.565098e-10
3.162278e-02  8.817364e-11
3.981072e-02  4.965606e-11
5.011872e-02  2.795603e-11
6.309573e-02  1.573531e-11
7.943282e-02  8.855089e-12
1.000000e-01  4.982478e-12
1.258925e-01  2.803145e-12
1.584893e-01  1.576902e-12
1.995262e-01  8.870167e-13
2.511886e-01  4.989207e-13
3.162278e-01  2.806140e-13
3.981072e-01  1.578253e-13
5.011872e-01  8.876164e-14
6.309573e-01  4.991908e-14
7.943282e-01  2.807384e-14
1.000000e+00  1.578805e-14
1.258925e+00  8.878645e-15
1.584893e+00  4.992811e-15
1.995262e+00  2.807695e-15
2.511886e+00  1.579065e-15
3.162278e+00  8.880438e-16
3.981072e+00  4.993898e-16
5.011872e+00  2.807300e-16
6.309573e+00  1.578932e-16
7.943282e+00  8.877789e-17
1.000000e+01  4.995493e-17
1.258925e+01  2.807141e-17
1.584893e+01  1.577774e-17
1.995262e+01  8.862656e-18
2.511886e+01  4.999497e-18
3.162278e+01  2.803542e-18
3.981072e+01  1.578539e-18
5.011872e+01  8.858846e-19
6.309573e+01  4.953244e-19
7.943282e+01  2.834822e-19
1.000000e+02  1.579361e-19
