I0=1.000000e+00 a=1.000000e+02
每层厚度分别为：4.000000e+01	4.000000e+01	1.000000e+20	
每层电导率分别为：1.000000e-01	1.000000e-01	1.000000e-01	
正演数据：
1.000000e-04  2.161101e-05
1.258925e-04  1.749021e-05
1.584893e-04  1.336344e-05
1.995262e-04  9.689264e-06
2.511886e-04  6.711044e-06
3.162278e-04  4.471009e-06
3.981072e-04  2.883681e-06
5.011872e-04  1.810965e-06
6.309573e-04  1.112836e-06
7.943282e-04  6.718896e-07
1.000000e-03  3.999316e-07
1.258925e-03  2.353430e-07
1.584893e-03  1.372227e-07
1.995262e-03  7.942465e-08
2.511886e-03  4.570149e-08
3.162278e-03  2.617383e-08
3.981072e-03  1.493412e-08
5.011872e-03  8.495684e-09
6.309573e-03  4.821560e-09
7.943282e-03  2.731229e-09
1.000000e-02  1.544819e-09
1.258925e-02  8.727288e-10
1.584893e-02  4.925721e-10
1.995262e-02  2.778007e-10
2.511886e-02  1.565803e-10
3.162278e-02  8.821343e-11
3.981072e-02  4.967847e-11
5.011872e-02  2.796865e-11
6.309573e-02  1.574241e-11
7.943282e-02  8.859084e-12
1.000000e-01  4.984724e-12
1.258925e-01  2.804410e-12
1.584893e-01  1.577614e-12
1.995262e-01  8.874156e-13
2.511886e-01  4.991459e-13
3.162278e-01  2.807419e-13
3.981072e-01  1.578958e-13
5.011872e-01  8.880164e-14
6.309573e-01  4.994144e-14
7.943282e-01  2.808619e-14
1.000000e+00  1.579494e-14
1.258925e+00  8.882561e-15
1.584893e+00  4.995212e-15
1.995262e+00  2.809095e-15
2.511886e+00  1.579706e-15
3.162278e+00  8.883495e-16
3.981072e+00  4.995635e-16
5.011872e+00  2.809280e-16
6.309573e+00  1.579791e-16
7.943282e+00  8.883936e-17
1.000000e+01  4.995776e-17
1.258925e+01  2.809388e-17
1.584893e+01  1.579888e-17
1.995262e+01  8.884052e-18
2.511886e+01  4.995783e-18
3.162278e+01  2.809391e-18
3.981072e+01  1.579963e-18
5.011872e+01  8.883681e-19
6.309573e+01  4.995832e-19
7.943282e+01  2.809347e-19
1.000000e+02  1.580218e-19
