I0=1.000000e+00 a=1.000000e+02
每层厚度分别为：4.000000e+01	4.000000e+01	1.000000e+20	
每层电导率分别为：1.000000e-01	1.000000e-01	1.000000e-01	
正演数据：
1.000000e-04  2.162989e-05
1.258925e-04  1.750313e-05
1.584893e-04  1.337376e-05
1.995262e-04  9.702607e-06
2.511886e-04  6.730677e-06
3.162278e-04  4.495221e-06
3.981072e-04  2.907742e-06
5.011872e-04  1.830670e-06
6.309573e-04  1.126410e-06
7.943282e-04  6.797924e-07
1.000000e-03  4.037156e-07
1.258925e-03  2.366506e-07
1.584893e-03  1.372960e-07
1.995262e-03  7.902326e-08
2.511886e-03  4.521206e-08
3.162278e-03  2.575349e-08
3.981072e-03  1.462245e-08
5.011872e-03  8.283057e-09
6.309573e-03  4.684078e-09
7.943282e-03  2.645553e-09
1.000000e-02  1.492813e-09
1.258925e-02  8.417601e-10
1.584893e-02  4.743891e-10
1.995262e-02  2.672362e-10
2.511886e-02  1.504902e-10
3.162278e-02  8.472327e-11
3.981072e-02  4.768717e-11
5.011872e-02  2.683632e-11
6.309573e-02  1.510017e-11
7.943282e-02  8.495515e-12
1.000000e-01  4.779217e-12
1.258925e-01  2.688379e-12
1.584893e-01  1.512160e-12
1.995262e-01  8.505178e-13
2.511886e-01  4.783567e-13
3.162278e-01  2.690335e-13
3.981072e-01  1.513039e-13
5.011872e-01  8.509121e-14
6.309573e-01  4.785335e-14
7.943282e-01  2.691128e-14
1.000000e+00  1.513393e-14
1.258925e+00  8.510709e-15
1.584893e+00  4.786045e-15
1.995262e+00  2.691446e-15
2.511886e+00  1.513535e-15
3.162278e+00  8.511345e-16
3.981072e+00  4.786330e-16
5.011872e+00  2.691571e-16
6.309573e+00  1.513592e-16
7.943282e+00  8.511594e-17
1.000000e+01  4.786442e-17
1.258925e+01  2.691627e-17
1.584893e+01  1.513614e-17
1.995262e+01  8.511709e-18
2.511886e+01  4.786496e-18
3.162278e+01  2.691642e-18
3.981072e+01  1.513627e-18
5.011872e+01  8.511739e-19
6.309573e+01  4.786548e-19
7.943282e+01  2.691624e-19
1.000000e+02  1.513641e-19
