I0=1.000000e+00 a=1.000000e+02
每层厚度分别为：4.000000e+01	4.000000e+01	1.000000e+20	
每层电导率分别为：1.000000e-01	1.000000e-01	1.000000e-01	
正演数据：
1.000000e-04  2.161109e-05
1.258925e-04  1.749028e-05
1.584893e-04  1.336351e-05
1.995262e-04  9.689441e-06
2.511886e-04  6.711387e-06
3.162278e-04  4.471432e-06
3.981072e-04  2.884044e-06
5.011872e-04  1.811190e-06
6.309573e-04  1.112928e-06
7.943282e-04  6.718966e-07
1.000000e-03  3.999006e-07
1.258925e-03  2.353040e-07
1.584893e-03  1.371893e-07
1.995262e-03  7.940035e-08
2.511886e-03  4.568535e-08
3.162278e-03  2.616370e-08
3.981072e-03  1.492800e-08
5.011872e-03  8.492073e-09
6.309573e-03  4.819462e-09
7.943282e-03  2.730022e-09
1.000000e-02  1.544128e-09
1.258925e-02  8.723376e-10
1.584893e-02  4.923501e-10
1.995262e-02  2.776763e-10
2.511886e-02  1.565093e-10
3.162278e-02  8.817349e-11
3.981072e-02  4.965657e-11
5.011872e-02  2.795611e-11
6.309573e-02  1.573547e-11
7.943282e-02  8.854813e-12
1.000000e-01  4.982652e-12
1.258925e-01  2.803454e-12
1.584893e-01  1.576991e-12
1.995262e-01  8.870120e-13
2.511886e-01  4.989502e-13
3.162278e-01  2.806170e-13
3.981072e-01  1.578194e-13
5.011872e-01  8.876382e-14
6.309573e-01  4.992274e-14
7.943282e-01  2.805226e-14
1.000000e+00  1.577244e-14
1.258925e+00  8.878823e-15
1.584893e+00  4.994860e-15
1.995262e+00  2.811125e-15
2.511886e+00  1.577357e-15
3.162278e+00  8.884420e-16
3.981072e+00  4.985396e-16
5.011872e+00  2.867205e-16
6.309573e+00  1.589929e-16
7.943282e+00  8.758427e-17
1.000000e+01  4.896140e-17
1.258925e+01  2.888343e-17
1.584893e+01  1.538900e-17
1.995262e+01  8.620766e-18
2.511886e+01  4.391421e-18
3.162278e+01  3.544102e-18
3.981072e+01  1.438995e-18
5.011872e+01  9.754463e-19
6.309573e+01  3.605504e-19
7.943282e+01  1.161510e-19
1.000000e+02  1.515810e-19
