I0=1.000000e+00 a=1.000000e+02
每层厚度分别为：4.000000e+01	4.000000e+01	1.000000e+20	
每层电导率分别为：1.000000e-01	1.000000e-01	1.000000e-01	
正演数据：
1.000000e-04  2.161109e-05
1.258925e-04  1.749028e-05
1.584893e-04  1.336351e-05
1.995262e-04  9.689440e-06
2.511886e-04  6.711385e-06
3.162278e-04  4.471431e-06
3.981072e-04  2.884044e-06
5.011872e-04  1.811191e-06
6.309573e-04  1.112929e-06
7.943282e-04  6.718971e-07
1.000000e-03  3.999010e-07
1.258925e-03  2.353043e-07
1.584893e-03  1.371895e-07
1.995262e-03  7.940047e-08
2.511886e-03  4.568543e-08
3.162278e-03  2.616375e-08
3.981072e-03  1.492802e-08
5.011872e-03  8.492083e-09
6.309573e-03  4.819468e-09
7.943282e-03  2.730026e-09
1.000000e-02  1.544132e-09
1.258925e-02  8.723389e-10
1.584893e-02  4.923513e-10
1.995262e-02  2.776760e-10
2.511886e-02  1.565100e-10
3.162278e-02  8.817377e-11
3.981072e-02  4.965613e-11
5.011872e-02  2.795607e-11
6.309573e-02  1.573533e-11
7.943282e-02  8.855103e-12
1.000000e-01  4.982482e-12
1.258925e-01  2.803148e-12
1.584893e-01  1.576904e-12
1.995262e-01  8.870159e-13
2.511886e-01  4.989213e-13
3.162278e-01  2.806155e-13
3.981072e-01  1.578248e-13
5.011872e-01  8.876204e-14
6.309573e-01  4.991904e-14
7.943282e-01  2.807328e-14
1.000000e+00  1.578799e-14
1.258925e+00  8.878614e-15
1.584893e+00  4.992911e-15
1.995262e+00  2.807876e-15
2.511886e+00  1.579058e-15
3.162278e+00  8.880046e-16
3.981072e+00  4.993230e-16
5.011872e+00  2.807961e-16
6.309573e+00  1.579109e-16
7.943282e+00  8.881551e-17
1.000000e+01  4.992215e-17
1.258925e+01  2.807865e-17
1.584893e+01  1.578949e-17
1.995262e+01  8.877251e-18
2.511886e+01  4.995516e-18
3.162278e+01  2.805579e-18
3.981072e+01  1.577292e-18
5.011872e+01  8.886146e-19
6.309573e+01  4.999977e-19
7.943282e+01  2.799421e-19
1.000000e+02  1.581971e-19
