I0=1.000000e+00 a=1.000000e+02
每层厚度分别为：4.000000e+01	4.000000e+01	1.000000e+20	
每层电导率分别为：1.000000e-01	1.000000e-01	1.000000e-01	
正演数据：
1.000000e-04  2.161095e-05
1.258925e-04  1.748998e-05
1.584893e-04  1.336285e-05
1.995262e-04  9.687217e-06
2.511886e-04  6.706912e-06
3.162278e-04  4.465472e-06
3.981072e-04  2.878182e-06
5.011872e-04  1.806668e-06
6.309573e-04  1.110131e-06
7.943282e-04  6.705472e-07
1.000000e-03  3.994810e-07
1.258925e-03  2.353530e-07
1.584893e-03  1.374071e-07
1.995262e-03  7.963362e-08
2.511886e-03  4.587539e-08
3.162278e-03  2.629982e-08
3.981072e-03  1.501837e-08
5.011872e-03  8.549196e-09
6.309573e-03  4.854384e-09
7.943282e-03  2.750880e-09
1.000000e-02  1.556384e-09
1.258925e-02  8.794529e-10
1.584893e-02  4.964473e-10
1.995262e-02  2.800200e-10
2.511886e-02  1.578455e-10
3.162278e-02  8.893219e-11
3.981072e-02  5.008582e-11
5.011872e-02  2.819908e-11
6.309573e-02  1.587258e-11
7.943282e-02  8.932544e-12
1.000000e-01  5.026146e-12
1.258925e-01  2.827753e-12
1.584893e-01  1.590762e-12
1.995262e-01  8.948194e-13
2.511886e-01  5.033136e-13
3.162278e-01  2.830875e-13
3.981072e-01  1.592157e-13
5.011872e-01  8.954422e-14
6.309573e-01  5.035918e-14
7.943282e-01  2.832118e-14
1.000000e+00  1.592712e-14
1.258925e+00  8.956902e-15
1.584893e+00  5.037025e-15
1.995262e+00  2.832613e-15
2.511886e+00  1.592932e-15
3.162278e+00  8.957892e-16
3.981072e+00  5.037466e-16
5.011872e+00  2.832806e-16
6.309573e+00  1.593019e-16
7.943282e+00  8.958273e-17
1.000000e+01  5.037645e-17
1.258925e+01  2.832892e-17
1.584893e+01  1.593059e-17
1.995262e+01  8.958456e-18
2.511886e+01  5.037641e-18
3.162278e+01  2.832923e-18
3.981072e+01  1.593082e-18
5.011872e+01  8.958240e-19
6.309573e+01  5.037732e-19
7.943282e+01  2.832884e-19
1.000000e+02  1.593049e-19
