I0=1.000000e+00 a=1.000000e+02
每层厚度分别为：4.000000e+01	4.000000e+01	1.000000e+20	
每层电导率分别为：1.000000e-01	1.000000e-01	1.000000e-01	
正演数据：
1.000000e-04  2.163532e-05
1.258925e-04  1.750388e-05
1.584893e-04  1.336204e-05
1.995262e-04  9.661987e-06
2.511886e-04  6.653741e-06
3.162278e-04  4.392127e-06
3.981072e-04  2.799290e-06
5.011872e-04  1.735936e-06
6.309573e-04  1.055396e-06
7.943282e-04  6.332774e-07
1.000000e-03  3.769861e-07
1.258925e-03  2.234055e-07
1.584893e-03  1.320253e-07
1.995262e-03  7.784353e-08
2.511886e-03  4.577959e-08
3.162278e-03  2.683883e-08
3.981072e-03  1.567716e-08
5.011872e-03  9.120817e-09
6.309573e-03  5.284598e-09
7.943282e-03  3.049583e-09
1.000000e-02  1.753171e-09
1.258925e-02  1.004406e-09
1.584893e-02  5.736722e-10
1.995262e-02  3.267832e-10
2.511886e-02  1.857219e-10
3.162278e-02  1.053485e-10
3.981072e-02  5.966120e-11
5.011872e-02  3.374232e-11
6.309573e-02  1.906251e-11
7.943282e-02  1.075957e-11
1.000000e-01  6.068645e-12
1.258925e-01  3.420830e-12
1.584893e-01  1.927363e-12
1.995262e-01  1.085497e-12
2.511886e-01  6.111665e-13
3.162278e-01  3.440194e-13
3.981072e-01  1.936067e-13
5.011872e-01  1.089404e-13
6.309573e-01  6.129190e-14
7.943282e-01  3.448048e-14
1.000000e+00  1.939585e-14
1.258925e+00  1.090979e-14
1.584893e+00  6.136236e-15
1.995262e+00  3.451200e-15
2.511886e+00  1.940994e-15
3.162278e+00  1.091609e-15
3.981072e+00  6.139052e-16
5.011872e+00  3.452458e-16
6.309573e+00  1.941557e-16
7.943282e+00  1.091860e-16
1.000000e+01  6.140174e-17
1.258925e+01  3.452960e-17
1.584893e+01  1.941781e-17
1.995262e+01  1.091960e-17
2.511886e+01  6.140630e-18
3.162278e+01  3.453158e-18
3.981072e+01  1.941869e-18
5.011872e+01  1.092000e-18
6.309573e+01  6.140803e-19
7.943282e+01  3.453255e-19
1.000000e+02  1.941901e-19
