I0=1.000000e+00 a=1.000000e+02
每层厚度分别为：4.000000e+01	4.000000e+01	1.000000e+20	
每层电导率分别为：1.000000e-01	1.000000e-01	1.000000e-01	
正演数据：
1.000000e-04  2.161110e-05
1.258925e-04  1.749028e-05
1.584893e-04  1.336351e-05
1.995262e-04  9.689445e-06
2.511886e-04  6.711394e-06
3.162278e-04  4.471439e-06
3.981072e-04  2.884049e-06
5.011872e-04  1.811192e-06
6.309573e-04  1.112927e-06
7.943282e-04  6.718950e-07
1.000000e-03  3.998990e-07
1.258925e-03  2.353029e-07
1.584893e-03  1.371886e-07
1.995262e-03  7.939990e-08
2.511886e-03  4.568509e-08
3.162278e-03  2.616355e-08
3.981072e-03  1.492791e-08
5.011872e-03  8.492022e-09
6.309573e-03  4.819434e-09
7.943282e-03  2.730007e-09
1.000000e-02  1.544122e-09
1.258925e-02  8.723330e-10
1.584893e-02  4.923480e-10
1.995262e-02  2.776742e-10
2.511886e-02  1.565089e-10
3.162278e-02  8.817319e-11
3.981072e-02  4.965581e-11
5.011872e-02  2.795589e-11
6.309573e-02  1.573523e-11
7.943282e-02  8.855044e-12
1.000000e-01  4.982451e-12
1.258925e-01  2.803131e-12
1.584893e-01  1.576894e-12
1.995262e-01  8.870111e-13
2.511886e-01  4.989184e-13
3.162278e-01  2.806137e-13
3.981072e-01  1.578240e-13
5.011872e-01  8.876131e-14
6.309573e-01  4.991856e-14
7.943282e-01  2.807340e-14
1.000000e+00  1.578785e-14
1.258925e+00  8.878585e-15
1.584893e+00  4.992933e-15
1.995262e+00  2.807775e-15
2.511886e+00  1.578964e-15
3.162278e+00  8.879554e-16
3.981072e+00  4.993413e-16
5.011872e+00  2.808106e-16
6.309573e+00  1.579111e-16
7.943282e+00  8.879432e-17
1.000000e+01  4.994046e-17
1.258925e+01  2.808263e-17
1.584893e+01  1.579370e-17
1.995262e+01  8.876561e-18
2.511886e+01  4.995171e-18
3.162278e+01  2.808078e-18
3.981072e+01  1.578603e-18
5.011872e+01  8.871550e-19
6.309573e+01  4.981657e-19
7.943282e+01  2.806333e-19
1.000000e+02  1.581231e-19
