I0=1.000000e+00 a=1.000000e+02
每层厚度分别为：4.000000e+01	4.000000e+01	1.000000e+20	
每层电导率分别为：1.000000e-01	1.000000e-01	1.000000e-01	
正演数据：
1.000000e-04  2.161117e-05
1.258925e-04  1.749033e-05
1.584893e-04  1.336355e-05
1.995262e-04  9.689501e-06
2.511886e-04  6.711487e-06
3.162278e-04  4.471546e-06
3.981072e-04  2.884133e-06
5.011872e-04  1.811237e-06
6.309573e-04  1.112940e-06
7.943282e-04  6.718891e-07
1.000000e-03  3.998868e-07
1.258925e-03  2.352910e-07
1.584893e-03  1.371795e-07
1.995262e-03  7.939366e-08
2.511886e-03  4.568112e-08
3.162278e-03  2.616114e-08
3.981072e-03  1.492649e-08
5.011872e-03  8.491195e-09
6.309573e-03  4.818960e-09
7.943282e-03  2.729737e-09
1.000000e-02  1.543969e-09
1.258925e-02  8.722468e-10
1.584893e-02  4.922994e-10
1.995262e-02  2.776468e-10
2.511886e-02  1.564935e-10
3.162278e-02  8.816453e-11
3.981072e-02  4.965094e-11
5.011872e-02  2.795315e-11
6.309573e-02  1.573369e-11
7.943282e-02  8.854178e-12
1.000000e-01  4.981964e-12
1.258925e-01  2.802857e-12
1.584893e-01  1.576740e-12
1.995262e-01  8.869246e-13
2.511886e-01  4.988698e-13
3.162278e-01  2.805866e-13
3.981072e-01  1.578085e-13
5.011872e-01  8.875252e-14
6.309573e-01  4.991380e-14
7.943282e-01  2.807066e-14
1.000000e+00  1.578620e-14
1.258925e+00  8.877649e-15
1.584893e+00  4.992448e-15
1.995262e+00  2.807534e-15
2.511886e+00  1.578833e-15
3.162278e+00  8.878577e-16
3.981072e+00  4.992895e-16
5.011872e+00  2.807741e-16
6.309573e+00  1.578915e-16
7.943282e+00  8.878873e-17
1.000000e+01  4.993055e-17
1.258925e+01  2.807686e-17
1.584893e+01  1.578997e-17
1.995262e+01  8.879219e-18
2.511886e+01  4.993252e-18
3.162278e+01  2.807950e-18
3.981072e+01  1.578761e-18
5.011872e+01  8.878691e-19
6.309573e+01  4.990260e-19
7.943282e+01  2.808588e-19
1.000000e+02  1.578400e-19
