I0=1.000000e+00 a=1.000000e+03
每层厚度分别为：4.000000e+01	4.000000e+01	1.000000e+20	
每层电导率分别为：1.000000e-02	1.000000e-02	1.000000e-02	
正演数据：
1.000000e-04  3.000024e-07
1.258925e-04  3.000008e-07
1.584893e-04  2.999975e-07
1.995262e-04  2.999989e-07
2.511886e-04  2.999595e-07
3.162278e-04  2.996018e-07
3.981072e-04  2.977525e-07
5.011872e-04  2.915613e-07
6.309573e-04  2.770708e-07
7.943282e-04  2.516214e-07
1.000000e-03  2.161109e-07
1.258925e-03  1.749028e-07
1.584893e-03  1.336351e-07
1.995262e-03  9.689440e-08
2.511886e-03  6.711385e-08
3.162278e-03  4.471431e-08
3.981072e-03  2.884044e-08
5.011872e-03  1.811191e-08
6.309573e-03  1.112929e-08
7.943282e-03  6.718971e-09
1.000000e-02  3.999010e-09
1.258925e-02  2.353043e-09
1.584893e-02  1.371895e-09
1.995262e-02  7.940047e-10
2.511886e-02  4.568543e-10
3.162278e-02  2.616375e-10
3.981072e-02  1.492802e-10
5.011872e-02  8.492083e-11
6.309573e-02  4.819468e-11
7.943282e-02  2.730026e-11
1.000000e-01  1.544132e-11
1.258925e-01  8.723389e-12
1.584893e-01  4.923513e-12
1.995262e-01  2.776760e-12
2.511886e-01  1.565100e-12
3.162278e-01  8.817377e-13
3.981072e-01  4.965613e-13
5.011872e-01  2.795607e-13
6.309573e-01  1.573533e-13
7.943282e-01  8.855102e-14
1.000000e+00  4.982482e-14
1.258925e+00  2.803149e-14
1.584893e+00  1.576903e-14
1.995262e+00  8.870174e-15
2.511886e+00  4.989212e-15
3.162278e+00  2.806156e-15
3.981072e+00  1.578252e-15
5.011872e+00  8.876151e-16
6.309573e+00  4.991879e-16
7.943282e+00  2.807346e-16
1.000000e+01  1.578798e-16
1.258925e+01  8.878615e-17
1.584893e+01  4.992949e-17
1.995262e+01  2.807825e-17
2.511886e+01  1.579005e-17
3.162278e+01  8.880008e-18
3.981072e+01  4.993840e-18
5.011872e+01  2.808126e-18
6.309573e+01  1.579026e-18
7.943282e+01  8.882312e-19
1.000000e+02  4.993335e-19
