I0=1.000000e+00 a=1.000000e+03
每层厚度分别为：4.000000e+01	4.000000e+01	1.000000e+20	
每层电导率分别为：1.000000e-02	1.000000e-02	1.000000e-02	
正演数据：
1.000000e-04  3.000042e-07
1.258925e-04  3.000026e-07
1.584893e-04  2.999993e-07
1.995262e-04  3.000006e-07
2.511886e-04  2.999612e-07
3.162278e-04  2.996033e-07
3.981072e-04  2.977539e-07
5.011872e-04  2.915625e-07
6.309573e-04  2.770717e-07
7.943282e-04  2.516222e-07
1.000000e-03  2.161117e-07
1.258925e-03  1.749033e-07
1.584893e-03  1.336355e-07
1.995262e-03  9.689501e-08
2.511886e-03  6.711487e-08
3.162278e-03  4.471546e-08
3.981072e-03  2.884133e-08
5.011872e-03  1.811237e-08
6.309573e-03  1.112940e-08
7.943282e-03  6.718891e-09
1.000000e-02  3.998868e-09
1.258925e-02  2.352910e-09
1.584893e-02  1.371795e-09
1.995262e-02  7.939366e-10
2.511886e-02  4.568112e-10
3.162278e-02  2.616114e-10
3.981072e-02  1.492649e-10
5.011872e-02  8.491195e-11
6.309573e-02  4.818960e-11
7.943282e-02  2.729737e-11
1.000000e-01  1.543969e-11
1.258925e-01  8.722468e-12
1.584893e-01  4.922994e-12
1.995262e-01  2.776468e-12
2.511886e-01  1.564935e-12
3.162278e-01  8.816453e-13
3.981072e-01  4.965094e-13
5.011872e-01  2.795315e-13
6.309573e-01  1.573369e-13
7.943282e-01  8.854178e-14
1.000000e+00  4.981964e-14
1.258925e+00  2.802857e-14
1.584893e+00  1.576740e-14
1.995262e+00  8.869247e-15
2.511886e+00  4.988697e-15
3.162278e+00  2.805866e-15
3.981072e+00  1.578085e-15
5.011872e+00  8.875256e-16
6.309573e+00  4.991379e-16
7.943282e+00  2.807064e-16
1.000000e+01  1.578620e-16
1.258925e+01  8.877632e-17
1.584893e+01  4.992454e-17
1.995262e+01  2.807547e-17
2.511886e+01  1.578832e-17
3.162278e+01  8.878574e-18
3.981072e+01  4.992868e-18
5.011872e+01  2.807677e-18
6.309573e+01  1.578913e-18
7.943282e+01  8.878784e-19
1.000000e+02  4.992964e-19
