I0=1.000000e+00 a=1.000000e+03
每层厚度分别为：4.000000e+01	4.000000e+01	1.000000e+20	
每层电导率分别为：1.000000e-02	1.000000e-02	1.000000e-02	
正演数据：
1.000000e-04  3.000025e-07
1.258925e-04  3.000009e-07
1.584893e-04  2.999976e-07
1.995262e-04  2.999990e-07
2.511886e-04  2.999596e-07
3.162278e-04  2.996019e-07
3.981072e-04  2.977526e-07
5.011872e-04  2.915614e-07
6.309573e-04  2.770708e-07
7.943282e-04  2.516213e-07
1.000000e-03  2.161109e-07
1.258925e-03  1.749027e-07
1.584893e-03  1.336351e-07
1.995262e-03  9.689427e-08
2.511886e-03  6.711362e-08
3.162278e-03  4.471405e-08
3.981072e-03  2.884025e-08
5.011872e-03  1.811183e-08
6.309573e-03  1.112929e-08
7.943282e-03  6.719009e-09
1.000000e-02  3.999054e-09
1.258925e-02  2.353080e-09
1.584893e-02  1.371921e-09
1.995262e-02  7.940215e-10
2.511886e-02  4.568645e-10
3.162278e-02  2.616435e-10
3.981072e-02  1.492837e-10
5.011872e-02  8.492283e-11
6.309573e-02  4.819582e-11
7.943282e-02  2.730090e-11
1.000000e-01  1.544168e-11
1.258925e-01  8.723591e-12
1.584893e-01  4.923626e-12
1.995262e-01  2.776824e-12
2.511886e-01  1.565135e-12
3.162278e-01  8.817576e-13
3.981072e-01  4.965725e-13
5.011872e-01  2.795670e-13
6.309573e-01  1.573569e-13
7.943282e-01  8.855299e-14
1.000000e+00  4.982594e-14
1.258925e+00  2.803212e-14
1.584893e+00  1.576940e-14
1.995262e+00  8.870365e-15
2.511886e+00  4.989325e-15
3.162278e+00  2.806220e-15
3.981072e+00  1.578284e-15
5.011872e+00  8.876377e-16
6.309573e+00  4.992010e-16
7.943282e+00  2.807419e-16
1.000000e+01  1.578823e-16
1.258925e+01  8.878774e-17
1.584893e+01  4.993082e-17
1.995262e+01  2.807888e-17
2.511886e+01  1.579040e-17
3.162278e+01  8.879750e-18
3.981072e+01  4.993585e-18
5.011872e+01  2.808030e-18
6.309573e+01  1.579139e-18
7.943282e+01  8.879871e-19
1.000000e+02  4.993677e-19
