I0=1.000000e+00 a=1.000000e+03
每层厚度分别为：4.000000e+01	4.000000e+01	1.000000e+20	
每层电导率分别为：1.000000e-02	1.000000e-02	1.000000e-02	
正演数据：
1.000000e-04  3.000024e-07
1.258925e-04  3.000008e-07
1.584893e-04  2.999976e-07
1.995262e-04  2.999989e-07
2.511886e-04  2.999596e-07
3.162278e-04  2.996019e-07
3.981072e-04  2.977526e-07
5.011872e-04  2.915614e-07
6.309573e-04  2.770708e-07
7.943282e-04  2.516214e-07
1.000000e-03  2.161110e-07
1.258925e-03  1.749028e-07
1.584893e-03  1.336351e-07
1.995262e-03  9.689445e-08
2.511886e-03  6.711394e-08
3.162278e-03  4.471439e-08
3.981072e-03  2.884049e-08
5.011872e-03  1.811192e-08
6.309573e-03  1.112927e-08
7.943282e-03  6.718950e-09
1.000000e-02  3.998990e-09
1.258925e-02  2.353029e-09
1.584893e-02  1.371886e-09
1.995262e-02  7.939990e-10
2.511886e-02  4.568509e-10
3.162278e-02  2.616355e-10
3.981072e-02  1.492791e-10
5.011872e-02  8.492022e-11
6.309573e-02  4.819434e-11
7.943282e-02  2.730007e-11
1.000000e-01  1.544122e-11
1.258925e-01  8.723330e-12
1.584893e-01  4.923480e-12
1.995262e-01  2.776742e-12
2.511886e-01  1.565090e-12
3.162278e-01  8.817319e-13
3.981072e-01  4.965581e-13
5.011872e-01  2.795589e-13
6.309573e-01  1.573523e-13
7.943282e-01  8.855044e-14
1.000000e+00  4.982450e-14
1.258925e+00  2.803131e-14
1.584893e+00  1.576894e-14
1.995262e+00  8.870111e-15
2.511886e+00  4.989184e-15
3.162278e+00  2.806141e-15
3.981072e+00  1.578239e-15
5.011872e+00  8.876105e-16
6.309573e+00  4.991878e-16
7.943282e+00  2.807344e-16
1.000000e+01  1.578780e-16
1.258925e+01  8.878447e-17
1.584893e+01  4.992911e-17
1.995262e+01  2.807824e-17
2.511886e+01  1.578983e-17
3.162278e+01  8.879428e-18
3.981072e+01  4.993578e-18
5.011872e+01  2.807927e-18
6.309573e+01  1.579216e-18
7.943282e+01  8.880615e-19
1.000000e+02  4.993999e-19
