I0=1.000000e+00 a=1.000000e+03
每层厚度分别为：4.000000e+01	4.000000e+01	1.000000e+20	
每层电导率分别为：1.000000e-02	1.000000e-02	1.000000e-02	
正演数据：
1.000000e-04  3.000070e-07
1.258925e-04  3.000054e-07
1.584893e-04  3.000020e-07
1.995262e-04  3.000031e-07
2.511886e-04  2.999633e-07
3.162278e-04  2.996049e-07
3.981072e-04  2.977547e-07
5.011872e-04  2.915626e-07
6.309573e-04  2.770712e-07
7.943282e-04  2.516210e-07
1.000000e-03  2.161101e-07
1.258925e-03  1.749021e-07
1.584893e-03  1.336344e-07
1.995262e-03  9.689264e-08
2.511886e-03  6.711044e-08
3.162278e-03  4.471009e-08
3.981072e-03  2.883681e-08
5.011872e-03  1.810965e-08
6.309573e-03  1.112836e-08
7.943282e-03  6.718896e-09
1.000000e-02  3.999316e-09
1.258925e-02  2.353430e-09
1.584893e-02  1.372227e-09
1.995262e-02  7.942465e-10
2.511886e-02  4.570149e-10
3.162278e-02  2.617383e-10
3.981072e-02  1.493412e-10
5.011872e-02  8.495684e-11
6.309573e-02  4.821560e-11
7.943282e-02  2.731229e-11
1.000000e-01  1.544819e-11
1.258925e-01  8.727288e-12
1.584893e-01  4.925721e-12
1.995262e-01  2.778007e-12
2.511886e-01  1.565803e-12
3.162278e-01  8.821343e-13
3.981072e-01  4.967847e-13
5.011872e-01  2.796865e-13
6.309573e-01  1.574241e-13
7.943282e-01  8.859084e-14
1.000000e+00  4.984724e-14
1.258925e+00  2.804410e-14
1.584893e+00  1.577614e-14
1.995262e+00  8.874156e-15
2.511886e+00  4.991459e-15
3.162278e+00  2.807419e-15
3.981072e+00  1.578958e-15
5.011872e+00  8.880165e-16
6.309573e+00  4.994143e-16
7.943282e+00  2.808619e-16
1.000000e+01  1.579494e-16
1.258925e+01  8.882557e-17
1.584893e+01  4.995212e-17
1.995262e+01  2.809100e-17
2.511886e+01  1.579708e-17
3.162278e+01  8.883499e-18
3.981072e+01  4.995640e-18
5.011872e+01  2.809283e-18
6.309573e+01  1.579796e-18
7.943282e+01  8.883838e-19
1.000000e+02  4.995772e-19
