I0=1.000000e+00 a=1.000000e+03
每层厚度分别为：4.000000e+01	4.000000e+01	1.000000e+20	
每层电导率分别为：1.000000e-02	1.000000e-02	1.000000e-02	
正演数据：
1.000000e-04  3.001165e-07
1.258925e-04  3.001145e-07
1.584893e-04  3.001088e-07
1.995262e-04  3.001044e-07
2.511886e-04  3.000546e-07
3.162278e-04  2.996813e-07
3.981072e-04  2.978131e-07
5.011872e-04  2.916028e-07
6.309573e-04  2.770943e-07
7.943282e-04  2.516291e-07
1.000000e-03  2.161095e-07
1.258925e-03  1.748998e-07
1.584893e-03  1.336285e-07
1.995262e-03  9.687217e-08
2.511886e-03  6.706912e-08
3.162278e-03  4.465472e-08
3.981072e-03  2.878182e-08
5.011872e-03  1.806668e-08
6.309573e-03  1.110131e-08
7.943282e-03  6.705472e-09
1.000000e-02  3.994810e-09
1.258925e-02  2.353530e-09
1.584893e-02  1.374071e-09
1.995262e-02  7.963362e-10
2.511886e-02  4.587539e-10
3.162278e-02  2.629982e-10
3.981072e-02  1.501837e-10
5.011872e-02  8.549196e-11
6.309573e-02  4.854384e-11
7.943282e-02  2.750880e-11
1.000000e-01  1.556384e-11
1.258925e-01  8.794529e-12
1.584893e-01  4.964473e-12
1.995262e-01  2.800200e-12
2.511886e-01  1.578455e-12
3.162278e-01  8.893219e-13
3.981072e-01  5.008582e-13
5.011872e-01  2.819908e-13
6.309573e-01  1.587258e-13
7.943282e-01  8.932544e-14
1.000000e+00  5.026146e-14
1.258925e+00  2.827753e-14
1.584893e+00  1.590762e-14
1.995262e+00  8.948194e-15
2.511886e+00  5.033136e-15
3.162278e+00  2.830875e-15
3.981072e+00  1.592157e-15
5.011872e+00  8.954422e-16
6.309573e+00  5.035918e-16
7.943282e+00  2.832118e-16
1.000000e+01  1.592712e-16
1.258925e+01  8.956901e-17
1.584893e+01  5.037025e-17
1.995262e+01  2.832612e-17
2.511886e+01  1.592933e-17
3.162278e+01  8.957891e-18
3.981072e+01  5.037467e-18
5.011872e+01  2.832811e-18
6.309573e+01  1.593018e-18
7.943282e+01  8.958285e-19
1.000000e+02  5.037640e-19
