I0=1.000000e+00 a=1.000000e+03
每层厚度分别为：4.000000e+01	4.000000e+01	1.000000e+20	
每层电导率分别为：1.000000e-02	1.000000e-02	1.000000e-02	
正演数据：
1.000000e-04  3.027254e-07
1.258925e-04  3.027092e-07
1.584893e-04  3.026538e-07
1.995262e-04  3.025295e-07
2.511886e-04  3.022578e-07
3.162278e-04  3.015602e-07
3.981072e-04  2.993043e-07
5.011872e-04  2.926910e-07
6.309573e-04  2.778066e-07
7.943282e-04  2.520475e-07
1.000000e-03  2.163532e-07
1.258925e-03  1.750388e-07
1.584893e-03  1.336204e-07
1.995262e-03  9.661987e-08
2.511886e-03  6.653741e-08
3.162278e-03  4.392127e-08
3.981072e-03  2.799290e-08
5.011872e-03  1.735936e-08
6.309573e-03  1.055396e-08
7.943282e-03  6.332774e-09
1.000000e-02  3.769861e-09
1.258925e-02  2.234055e-09
1.584893e-02  1.320253e-09
1.995262e-02  7.784353e-10
2.511886e-02  4.577959e-10
3.162278e-02  2.683883e-10
3.981072e-02  1.567716e-10
5.011872e-02  9.120817e-11
6.309573e-02  5.284598e-11
7.943282e-02  3.049583e-11
1.000000e-01  1.753171e-11
1.258925e-01  1.004406e-11
1.584893e-01  5.736722e-12
1.995262e-01  3.267832e-12
2.511886e-01  1.857219e-12
3.162278e-01  1.053485e-12
3.981072e-01  5.966120e-13
5.011872e-01  3.374232e-13
6.309573e-01  1.906251e-13
7.943282e-01  1.075957e-13
1.000000e+00  6.068645e-14
1.258925e+00  3.420830e-14
1.584893e+00  1.927363e-14
1.995262e+00  1.085497e-14
2.511886e+00  6.111665e-15
3.162278e+00  3.440194e-15
3.981072e+00  1.936067e-15
5.011872e+00  1.089404e-15
6.309573e+00  6.129190e-16
7.943282e+00  3.448048e-16
1.000000e+01  1.939585e-16
1.258925e+01  1.090979e-16
1.584893e+01  6.136236e-17
1.995262e+01  3.451200e-17
2.511886e+01  1.940994e-17
3.162278e+01  1.091609e-17
3.981072e+01  6.139052e-18
5.011872e+01  3.452458e-18
6.309573e+01  1.941556e-18
7.943282e+01  1.091861e-18
1.000000e+02  6.140176e-19
