I0=1.000000e+00 a=1.000000e+03
每层厚度分别为：4.000000e+01	4.000000e+01	1.000000e+20	
每层电导率分别为：1.000000e-02	1.000000e-02	1.000000e-02	
正演数据：
1.000000e-04  3.007386e-07
1.258925e-04  3.007337e-07
1.584893e-04  3.007202e-07
1.995262e-04  3.006951e-07
2.511886e-04  3.006058e-07
3.162278e-04  3.001761e-07
3.981072e-04  2.982397e-07
5.011872e-04  2.919578e-07
6.309573e-04  2.773875e-07
7.943282e-04  2.518726e-07
1.000000e-03  2.162989e-07
1.258925e-03  1.750313e-07
1.584893e-03  1.337376e-07
1.995262e-03  9.702607e-08
2.511886e-03  6.730677e-08
3.162278e-03  4.495221e-08
3.981072e-03  2.907742e-08
5.011872e-03  1.830670e-08
6.309573e-03  1.126410e-08
7.943282e-03  6.797924e-09
1.000000e-02  4.037156e-09
1.258925e-02  2.366506e-09
1.584893e-02  1.372960e-09
1.995262e-02  7.902326e-10
2.511886e-02  4.521206e-10
3.162278e-02  2.575349e-10
3.981072e-02  1.462245e-10
5.011872e-02  8.283057e-11
6.309573e-02  4.684078e-11
7.943282e-02  2.645553e-11
1.000000e-01  1.492813e-11
1.258925e-01  8.417601e-12
1.584893e-01  4.743891e-12
1.995262e-01  2.672362e-12
2.511886e-01  1.504902e-12
3.162278e-01  8.472327e-13
3.981072e-01  4.768717e-13
5.011872e-01  2.683632e-13
6.309573e-01  1.510017e-13
7.943282e-01  8.495515e-14
1.000000e+00  4.779217e-14
1.258925e+00  2.688379e-14
1.584893e+00  1.512160e-14
1.995262e+00  8.505178e-15
2.511886e+00  4.783567e-15
3.162278e+00  2.690335e-15
3.981072e+00  1.513039e-15
5.011872e+00  8.509121e-16
6.309573e+00  4.785335e-16
7.943282e+00  2.691128e-16
1.000000e+01  1.513393e-16
1.258925e+01  8.510709e-17
1.584893e+01  4.786045e-17
1.995262e+01  2.691446e-17
2.511886e+01  1.513536e-17
3.162278e+01  8.511345e-18
3.981072e+01  4.786329e-18
5.011872e+01  2.691573e-18
6.309573e+01  1.513592e-18
7.943282e+01  8.511594e-19
1.000000e+02  4.786446e-19
