I0=1.000000e+00 a=1.000000e+03
每层厚度分别为：4.000000e+01	4.000000e+01	1.000000e+20	
每层电导率分别为：1.000000e-02	1.000000e-02	1.000000e-02	
正演数据：
1.000000e-04  3.155390e-07
1.258925e-04  3.154436e-07
1.584893e-04  3.151561e-07
1.995262e-04  3.145059e-07
2.511886e-04  3.133131e-07
3.162278e-04  3.113065e-07
3.981072e-04  3.075019e-07
5.011872e-04  2.993357e-07
6.309573e-04  2.830386e-07
7.943282e-04  2.559704e-07
1.000000e-03  2.190741e-07
1.258925e-03  1.769398e-07
1.584893e-03  1.354326e-07
1.995262e-03  9.907649e-08
2.511886e-03  6.993732e-08
3.162278e-03  4.801529e-08
3.981072e-03  3.221800e-08
5.011872e-03  2.116668e-08
6.309573e-03  1.361202e-08
7.943282e-03  8.558747e-09
1.000000e-02  5.255710e-09
1.258925e-02  3.149953e-09
1.584893e-02  1.842357e-09
1.995262e-02  1.051845e-09
2.511886e-02  5.864350e-10
3.162278e-02  3.193970e-10
3.981072e-02  1.699443e-10
5.011872e-02  8.829356e-11
6.309573e-02  4.473007e-11
7.943282e-02  2.203556e-11
1.000000e-01  1.050347e-11
1.258925e-01  4.800843e-12
1.584893e-01  2.068621e-12
1.995262e-01  8.103181e-13
2.511886e-01  2.614968e-13
3.162278e-01  4.165308e-14
3.981072e-01  -3.314818e-14
5.011872e-01  -4.872164e-14
6.309573e-01  -4.326732e-14
7.943282e-01  -3.264665e-14
1.000000e+00  -2.269116e-14
1.258925e+00  -1.500647e-14
1.584893e+00  -9.598461e-15
1.995262e+00  -5.994152e-15
2.511886e+00  -3.676645e-15
3.162278e+00  -2.223946e-15
3.981072e+00  -1.330410e-15
5.011872e+00  -7.887645e-16
6.309573e+00  -4.641955e-16
7.943282e+00  -2.715078e-16
1.000000e+01  -1.579850e-16
1.258925e+01  -9.152575e-17
1.584893e+01  -5.282542e-17
1.995262e+01  -3.039098e-17
2.511886e+01  -1.743574e-17
3.162278e+01  -9.979086e-18
3.981072e+01  -5.699442e-18
5.011872e+01  -3.249235e-18
6.309573e+01  -1.849425e-18
7.943282e+01  -1.051198e-18
1.000000e+02  -5.967589e-19
