I0=1.000000e+00 a=1.000000e+03
每层厚度分别为：4.000000e+01	4.000000e+01	1.000000e+20	
每层电导率分别为：1.000000e-02	1.000000e-02	1.000000e-02	
正演数据：
1.000000e-04  3.000392e-07
1.258925e-04  3.000374e-07
1.584893e-04  3.000336e-07
1.995262e-04  3.000338e-07
2.511886e-04  2.999921e-07
3.162278e-04  2.996311e-07
3.981072e-04  2.977778e-07
5.011872e-04  2.915824e-07
6.309573e-04  2.770880e-07
7.943282e-04  2.516358e-07
1.000000e-03  2.161227e-07
1.258925e-03  1.749110e-07
1.584893e-03  1.336414e-07
1.995262e-03  9.690320e-08
2.511886e-03  6.712781e-08
3.162278e-03  4.473125e-08
3.981072e-03  2.885581e-08
5.011872e-03  1.812261e-08
6.309573e-03  1.113494e-08
7.943282e-03  6.720917e-09
1.000000e-02  3.998923e-09
1.258925e-02  2.352170e-09
1.584893e-02  1.370921e-09
1.995262e-02  7.932022e-10
2.511886e-02  4.562798e-10
3.162278e-02  2.612580e-10
3.981072e-02  1.490421e-10
5.011872e-02  8.477637e-11
6.309573e-02  4.810904e-11
7.943282e-02  2.725028e-11
1.000000e-01  1.541247e-11
1.258925e-01  8.706859e-12
1.584893e-01  4.914092e-12
1.995262e-01  2.771410e-12
2.511886e-01  1.562070e-12
3.162278e-01  8.800246e-13
3.981072e-01  4.955941e-13
5.011872e-01  2.790152e-13
6.309573e-01  1.570458e-13
7.943282e-01  8.837780e-14
1.000000e+00  4.972729e-14
1.258925e+00  2.797658e-14
1.584893e+00  1.573814e-14
1.995262e+00  8.852779e-15
2.511886e+00  4.979433e-15
3.162278e+00  2.800654e-15
3.981072e+00  1.575153e-15
5.011872e+00  8.858760e-16
6.309573e+00  4.982105e-16
7.943282e+00  2.801848e-16
1.000000e+01  1.575686e-16
1.258925e+01  8.861143e-17
1.584893e+01  4.983169e-17
1.995262e+01  2.802323e-17
2.511886e+01  1.575899e-17
3.162278e+01  8.862095e-18
3.981072e+01  4.983593e-18
5.011872e+01  2.802507e-18
6.309573e+01  1.575979e-18
7.943282e+01  8.862496e-19
1.000000e+02  4.983753e-19
