I0=1.000000e+00 r=1.000000e+02
每层厚度分别为：4.000000e+01	4.000000e+01	1.000000e+20	
每层电导率分别为：1.000000e-02	1.000000e-02	1.000000e-02	
正演数据：
1.000000e-05  5.000000e-03  1.570775e-12
1.258925e-05  5.000000e-03  1.977486e-12
1.584893e-05  5.000000e-03  2.489503e-12
1.995262e-05  5.000000e-03  3.134092e-12
2.511886e-05  5.000000e-03  3.945578e-12
3.162278e-05  5.000000e-03  4.967176e-12
3.981072e-05  5.000000e-03  6.253286e-12
5.011872e-05  5.000000e-03  7.872395e-12
6.309573e-05  5.000000e-03  9.910722e-12
7.943282e-05  5.000000e-03  1.247681e-11
1.000000e-04  5.000000e-03  1.570730e-11
1.258925e-04  5.000000e-03  1.977422e-11
1.584893e-04  5.000000e-03  2.489412e-11
1.995262e-04  5.000000e-03  3.133964e-11
2.511886e-04  5.000000e-03  3.945398e-11
3.162278e-04  5.000000e-03  4.966921e-11
3.981072e-04  5.000000e-03  6.252925e-11
5.011872e-04  5.000000e-03  7.871886e-11
6.309573e-04  5.000000e-03  9.910002e-11
7.943282e-04  5.000000e-03  1.247579e-10
1.000000e-03  5.000000e-03  1.570586e-10
1.258925e-03  5.000000e-03  1.977219e-10
1.584893e-03  5.000000e-03  2.489125e-10
1.995262e-03  5.000000e-03  3.133559e-10
2.511886e-03  5.000000e-03  3.944826e-10
3.162278e-03  5.000000e-03  4.966113e-10
3.981072e-03  5.000000e-03  6.251785e-10
5.011872e-03  5.000000e-03  7.870274e-10
6.309573e-03  5.000000e-03  9.907727e-10
7.943282e-03  5.000000e-03  1.247258e-09
1.000000e-02  5.000000e-03  1.570132e-09
1.258925e-02  5.000000e-03  1.976577e-09
1.584893e-02  5.000000e-03  2.488219e-09
1.995262e-02  5.000000e-03  3.132279e-09
2.511886e-02  5.000000e-03  3.943018e-09
3.162278e-02  5.000000e-03  4.963560e-09
3.981072e-02  5.000000e-03  6.248178e-09
5.011872e-02  5.000000e-03  7.865180e-09
6.309573e-02  5.000000e-03  9.900530e-09
7.943282e-02  5.000000e-03  1.246241e-08
1.000000e-01  5.000000e-03  1.568696e-08
1.258925e-01  5.000000e-03  1.974549e-08
1.584893e-01  5.000000e-03  2.485354e-08
1.995262e-01  5.000000e-03  3.128232e-08
2.511886e-01  5.000000e-03  3.937302e-08
3.162278e-01  5.000000e-03  4.955485e-08
3.981072e-01  5.000000e-03  6.236772e-08
5.011872e-01  5.000000e-03  7.849069e-08
6.309573e-01  5.000000e-03  9.877773e-08
7.943282e-01  5.000000e-03  1.243027e-07
1.000000e+00  4.999999e-03  1.564156e-07
1.258925e+00  4.999999e-03  1.968135e-07
1.584893e+00  4.999999e-03  2.476295e-07
1.995262e+00  4.999998e-03  3.115435e-07
2.511886e+00  4.999997e-03  3.919226e-07
3.162278e+00  4.999996e-03  4.929952e-07
3.981072e+00  4.999995e-03  6.200706e-07
5.011872e+00  4.999993e-03  7.798125e-07
6.309573e+00  4.999990e-03  9.805814e-07
7.943282e+00  4.999985e-03  1.232862e-06
1.000000e+01  4.999979e-03  1.549799e-06
1.258925e+01  4.999971e-03  1.947856e-06
1.584893e+01  4.999959e-03  2.447651e-06
1.995262e+01  4.999942e-03  3.074977e-06
2.511886e+01  4.999918e-03  3.862080e-06
3.162278e+01  4.999885e-03  4.849238e-06
3.981072e+01  4.999838e-03  6.086707e-06
5.011872e+01  4.999773e-03  7.637116e-06
6.309573e+01  4.999680e-03  9.578420e-06
7.943282e+01  4.999550e-03  1.200749e-05
1.000000e+02  4.999368e-03  1.504448e-05
1.258925e+02  4.999113e-03  1.883817e-05
1.584893e+02  4.998756e-03  2.357228e-05
1.995262e+02  4.998256e-03  2.947314e-05
2.511886e+02  4.997558e-03  3.681863e-05
3.162278e+02  4.996584e-03  4.594871e-05
3.981072e+02  4.995228e-03  5.727749e-05
5.011872e+02  4.993342e-03  7.130682e-05
6.309573e+02  4.990726e-03  8.864129e-05
7.943282e+02  4.987104e-03  1.100040e-04
1.000000e+03  4.982103e-03  1.362521e-04
1.258925e+03  4.975218e-03  1.683913e-04
1.584893e+03  4.965771e-03  2.075857e-04
1.995262e+03  4.952859e-03  2.551610e-04
2.511886e+03  4.935287e-03  3.125941e-04
3.162278e+03  4.911491e-03  3.814846e-04
3.981072e+03  4.879448e-03  4.634965e-04
5.011872e+03  4.836580e-03  5.602599e-04
6.309573e+03  4.779655e-03  6.732191e-04
7.943282e+03  4.704709e-03  8.034110e-04
1.000000e+04  4.607006e-03  9.511618e-04
1.258925e+04  4.481081e-03  1.115695e-03
1.584893e+04  4.320915e-03  1.294653e-03
1.995262e+04  4.120303e-03  1.483573e-03
2.511886e+04  3.873495e-03  1.675373e-03
3.162278e+04  3.576155e-03  1.859980e-03
3.981072e+04  3.226666e-03  2.024292e-03
5.011872e+04  2.827683e-03  2.152689e-03
6.309573e+04  2.387722e-03  2.228391e-03
7.943282e+04  1.922335e-03  2.235797e-03
1.000000e+05  1.454252e-03  2.163802e-03
1.258925e+05  1.011762e-03  2.009579e-03
1.584893e+05  6.248325e-04  1.781842e-03
1.995262e+05  3.191035e-04  1.502030e-03
2.511886e+05  1.090544e-04  1.201903e-03
3.162278e+05  -7.150561e-06  9.168960e-04
3.981072e+05  -4.813810e-05  6.766076e-04
5.011872e+05  -4.342502e-05  4.961425e-04
6.309573e+05  -2.275104e-05  3.729770e-04
7.943282e+05  -5.897472e-06  2.917773e-04
1.000000e+06  1.078308e-06  2.345061e-04
1.258925e+06  1.514289e-06  1.890414e-04
1.584893e+06  4.130947e-07  1.509771e-04
1.995262e+06  -5.200173e-08  1.197974e-04
2.511886e+06  -3.793169e-08  9.503577e-05
3.162278e+06  8.144395e-10  7.548701e-05
3.981072e+06  -5.202332e-11  5.996677e-05
5.011872e+06  8.059998e-10  4.763245e-05
6.309573e+06  5.709335e-10  3.783765e-05
7.943282e+06  -1.073389e-09  3.005474e-05
1.000000e+07  2.221857e-10  2.387238e-05
1.258925e+07  6.102201e-10  1.896359e-05
1.584893e+07  -4.465975e-10  1.506338e-05
1.995262e+07  -1.885788e-10  1.196455e-05
2.511886e+07  3.657145e-10  9.504065e-06
3.162278e+07  -3.264865e-11  7.549686e-06
3.981072e+07  -2.162802e-10  5.996621e-06
5.011872e+07  1.049335e-10  4.763209e-06
6.309573e+07  9.515887e-11  3.783789e-06
7.943282e+07  -1.017081e-10  3.005549e-06
1.000000e+08  -2.215539e-11  2.387277e-06
