I0=1.000000e+00 r=1.000000e-01
每层厚度分别为：4.000000e+01	4.000000e+01	1.000000e+20	
每层电导率分别为：1.000000e-02	1.000000e-02	1.000000e-02	
正演数据：
1.000000e-05  5.000004e-03  1.570795e-12
1.258925e-05  5.000004e-03  1.977514e-12
1.584893e-05  5.000004e-03  2.489543e-12
1.995262e-05  5.000004e-03  3.134149e-12
2.511886e-05  5.000004e-03  3.945660e-12
3.162278e-05  5.000004e-03  4.967292e-12
3.981072e-05  5.000004e-03  6.253450e-12
5.011872e-05  5.000004e-03  7.872626e-12
6.309573e-05  5.000004e-03  9.911050e-12
7.943282e-05  5.000004e-03  1.247727e-11
1.000000e-04  5.000004e-03  1.570795e-11
1.258925e-04  5.000004e-03  1.977514e-11
1.584893e-04  5.000004e-03  2.489543e-11
1.995262e-04  5.000004e-03  3.134149e-11
2.511886e-04  5.000004e-03  3.945660e-11
3.162278e-04  5.000004e-03  4.967291e-11
3.981072e-04  5.000004e-03  6.253449e-11
5.011872e-04  5.000004e-03  7.872625e-11
6.309573e-04  5.000004e-03  9.911047e-11
7.943282e-04  5.000004e-03  1.247727e-10
1.000000e-03  5.000004e-03  1.570795e-10
1.258925e-03  5.000004e-03  1.977512e-10
1.584893e-03  5.000004e-03  2.489539e-10
1.995262e-03  5.000004e-03  3.134141e-10
2.511886e-03  5.000004e-03  3.945645e-10
3.162278e-03  5.000004e-03  4.967261e-10
3.981072e-03  5.000004e-03  6.253388e-10
5.011872e-03  5.000004e-03  7.872505e-10
6.309573e-03  5.000004e-03  9.910808e-10
7.943282e-03  5.000004e-03  1.247680e-09
1.000000e-02  5.000004e-03  1.570702e-09
1.258925e-02  5.000004e-03  1.977331e-09
1.584893e-02  5.000004e-03  2.489188e-09
1.995262e-02  5.000004e-03  3.133473e-09
2.511886e-02  5.000004e-03  3.944399e-09
3.162278e-02  5.000004e-03  4.965008e-09
3.981072e-02  5.000004e-03  6.249455e-09
5.011872e-02  5.000004e-03  7.865912e-09
6.309573e-02  5.000004e-03  9.900223e-09
7.943282e-02  5.000004e-03  1.246051e-08
1.000000e-01  5.000004e-03  1.568296e-08
1.258925e-01  5.000004e-03  1.973903e-08
1.584893e-01  5.000004e-03  2.484458e-08
1.995262e-01  5.000004e-03  3.127129e-08
2.511886e-01  5.000004e-03  3.936098e-08
3.162278e-01  5.000004e-03  4.954356e-08
3.981072e-01  5.000004e-03  6.235964e-08
5.011872e-01  5.000004e-03  7.848861e-08
6.309573e-01  5.000004e-03  9.878406e-08
7.943282e-01  5.000004e-03  1.243182e-07
1.000000e+00  5.000003e-03  1.564383e-07
1.258925e+00  5.000003e-03  1.968380e-07
1.584893e+00  5.000003e-03  2.476480e-07
1.995262e+00  5.000002e-03  3.115490e-07
2.511886e+00  5.000001e-03  3.919128e-07
3.162278e+00  5.000000e-03  4.929750e-07
3.981072e+00  4.999999e-03  6.200505e-07
5.011872e+00  4.999997e-03  7.798034e-07
6.309573e+00  4.999994e-03  9.805869e-07
7.943282e+00  4.999989e-03  1.232876e-06
1.000000e+01  4.999983e-03  1.549807e-06
1.258925e+01  4.999975e-03  1.947854e-06
1.584893e+01  4.999963e-03  2.447642e-06
1.995262e+01  4.999946e-03  3.074971e-06
2.511886e+01  4.999923e-03  3.862080e-06
3.162278e+01  4.999889e-03  4.849239e-06
3.981072e+01  4.999842e-03  6.086703e-06
5.011872e+01  4.999777e-03  7.637111e-06
6.309573e+01  4.999684e-03  9.578414e-06
7.943282e+01  4.999554e-03  1.200748e-05
1.000000e+02  4.999372e-03  1.504447e-05
1.258925e+02  4.999117e-03  1.883816e-05
1.584893e+02  4.998760e-03  2.357227e-05
1.995262e+02  4.998260e-03  2.947313e-05
2.511886e+02  4.997562e-03  3.681861e-05
3.162278e+02  4.996588e-03  4.594869e-05
3.981072e+02  4.995232e-03  5.727745e-05
5.011872e+02  4.993346e-03  7.130678e-05
6.309573e+02  4.990730e-03  8.864124e-05
7.943282e+02  4.987108e-03  1.100039e-04
1.000000e+03  4.982107e-03  1.362520e-04
1.258925e+03  4.975222e-03  1.683912e-04
1.584893e+03  4.965775e-03  2.075856e-04
1.995262e+03  4.952864e-03  2.551608e-04
2.511886e+03  4.935291e-03  3.125939e-04
3.162278e+03  4.911495e-03  3.814844e-04
3.981072e+03  4.879452e-03  4.634962e-04
5.011872e+03  4.836584e-03  5.602596e-04
6.309573e+03  4.779659e-03  6.732187e-04
7.943282e+03  4.704713e-03  8.034105e-04
1.000000e+04  4.607010e-03  9.511613e-04
1.258925e+04  4.481086e-03  1.115694e-03
1.584893e+04  4.320919e-03  1.294652e-03
1.995262e+04  4.120308e-03  1.483572e-03
2.511886e+04  3.873499e-03  1.675372e-03
3.162278e+04  3.576159e-03  1.859980e-03
3.981072e+04  3.226671e-03  2.024291e-03
5.011872e+04  2.827688e-03  2.152689e-03
6.309573e+04  2.387727e-03  2.228391e-03
7.943282e+04  1.922340e-03  2.235798e-03
1.000000e+05  1.454257e-03  2.163803e-03
1.258925e+05  1.011767e-03  2.009581e-03
1.584893e+05  6.248376e-04  1.781844e-03
1.995262e+05  3.191079e-04  1.502034e-03
2.511886e+05  1.090577e-04  1.201907e-03
3.162278e+05  -7.148560e-06  9.169000e-04
3.981072e+05  -4.813708e-05  6.766109e-04
5.011872e+05  -4.342474e-05  4.961455e-04
6.309573e+05  -2.275175e-05  3.729790e-04
7.943282e+05  -5.897682e-06  2.917780e-04
1.000000e+06  1.078824e-06  2.345074e-04
1.258925e+06  1.513326e-06  1.890425e-04
1.584893e+06  4.131121e-07  1.509764e-04
1.995262e+06  -5.069387e-08  1.197985e-04
2.511886e+06  -3.919801e-08  9.503706e-05
3.162278e+06  5.167942e-10  7.548570e-05
3.981072e+06  1.459684e-09  5.996739e-05
5.011872e+06  -1.128559e-10  4.763373e-05
6.309573e+06  -5.332477e-12  3.783666e-05
7.943282e+06  7.229519e-13  3.005475e-05
1.000000e+07  4.557748e-13  2.387333e-05
1.258925e+07  4.811582e-12  1.896326e-05
1.584893e+07  9.740646e-13  1.506306e-05
1.995262e+07  -4.993105e-13  1.196501e-05
2.511886e+07  -1.615212e-12  9.504142e-06
3.162278e+07  -1.821679e-13  7.549408e-06
3.981072e+07  5.570391e-13  5.996709e-06
5.011872e+07  7.642428e-13  4.763355e-06
6.309573e+07  7.270921e-13  3.783668e-06
7.943282e+07  6.051559e-13  3.005474e-06
1.000000e+08  4.659696e-13  2.387333e-06
