1E-05,0.0050000006305631,1.5707753431857E-12,,1E-05,0.005,1.570775E-12,,1E-05,0.005000004,1.570795E-12
1.122018454302E-05,0.0050000003256517,1.762437491823E-12,,1.258925E-05,0.005,1.977486E-12,,1.258925E-05,0.005000004,1.977514E-12
1.2589254117942E-05,0.0049999991334294,1.9774858127683E-12,,1.584893E-05,0.005,2.489503E-12,,1.584893E-05,0.005000004,2.489543E-12
1.4125375446228E-05,0.0049999995952849,2.2187734805587E-12,,1.995262E-05,0.005,3.134092E-12,,1.995262E-05,0.005000004,3.134149E-12
1.5848931924611E-05,0.0049999996460153,2.4895024513715E-12,,2.511886E-05,0.005,3.945578E-12,,2.511886E-05,0.005000004,3.94566E-12
1.7782794100389E-05,0.0050000000697105,2.793264962662E-12,,3.162278E-05,0.005,4.967176E-12,,3.162278E-05,0.005000004,4.967292E-12
1.9952623149689E-05,0.0049999998756417,3.1340914692829E-12,,3.981072E-05,0.005,6.253286E-12,,3.981072E-05,0.005000004,6.25345E-12
2.2387211385683E-05,0.0049999999693178,3.5165045077107E-12,,5.011872E-05,0.005,7.872395E-12,,5.011872E-05,0.005000004,7.872626E-12
2.5118864315096E-05,0.0050000007289207,3.9455784881853E-12,,6.309573E-05,0.005,9.910722E-12,,6.309573E-05,0.005000004,9.91105E-12
2.8183829312645E-05,0.0049999991759769,4.4270060921491E-12,,7.943282E-05,0.005,1.247681E-11,,7.943282E-05,0.005000004,1.247727E-11
3.1622776601684E-05,0.0049999999773656,4.9671761873529E-12,,0.0001,0.005,1.57073E-11,,0.0001,0.005000004,1.570795E-11
3.5481338923358E-05,0.0050000011251021,5.573255467846E-12,,0.0001258925,0.005,1.977422E-11,,0.0001258925,0.005000004,1.977514E-11
3.981071705535E-05,0.004999999761169,6.2532856765506E-12,,0.0001584893,0.005,2.489412E-11,,0.0001584893,0.005000004,2.489543E-11
4.4668359215096E-05,0.0049999998572007,7.0162913279047E-12,,0.0001995262,0.005,3.133964E-11,,0.0001995262,0.005000004,3.134149E-11
5.0118723362727E-05,0.0050000006690154,7.872394880882E-12,,0.0002511886,0.005,3.945398E-11,,0.0002511886,0.005000004,3.94566E-11
5.6234132519035E-05,0.0049999991173122,8.8329569793011E-12,,0.0003162278,0.005,4.966921E-11,,0.0003162278,0.005000004,4.967291E-11
6.3095734448019E-05,0.0049999993596063,9.9107217694987E-12,,0.0003981072,0.005,6.252925E-11,,0.0003981072,0.005000004,6.253449E-11
7.0794578438414E-05,0.0049999995641868,1.111999101039E-11,,0.0005011872,0.005,7.871886E-11,,0.0005011872,0.005000004,7.872625E-11
7.9432823472428E-05,0.0049999999763067,1.247680901849E-11,,0.0006309573,0.005,9.910002E-11,,0.0006309573,0.005000004,9.911047E-11
8.9125093813374E-05,0.0049999995920768,1.3999178774504E-11,,0.0007943282,0.005,1.247579E-10,,0.0007943282,0.005000004,1.247727E-10
0.0001,0.0050000003667934,1.5707299025991E-11,,0.001,0.005,1.570586E-10,,0.001,0.005000004,1.570795E-10
0.0001122018454302,0.0049999998145297,1.7623835936099E-11,,0.001258925,0.005,1.977219E-10,,0.001258925,0.005000004,1.977512E-10
0.00012589254117942,0.0049999999256979,1.9774215724511E-11,,0.001584893,0.005,2.489125E-10,,0.001584893,0.005000004,2.489539E-10
0.00014125375446228,0.0050000001476315,2.21869728548E-11,,0.001995262,0.005,3.133559E-10,,0.001995262,0.005000004,3.134141E-10
0.00015848931924611,0.0049999999123241,2.4894119885993E-11,,0.002511886,0.005,3.944826E-10,,0.002511886,0.005000004,3.945645E-10
0.00017782794100389,0.0049999998215866,2.7931574219066E-11,,0.003162278,0.005,4.966113E-10,,0.003162278,0.005000004,4.967261E-10
0.00019952623149689,0.0049999995864379,3.1339634958002E-11,,0.003981072,0.005,6.251785E-10,,0.003981072,0.005000004,6.253388E-10
0.00022387211385683,0.0050000002912223,3.5163526142118E-11,,0.005011872,0.005,7.870274E-10,,0.005011872,0.005000004,7.872505E-10
0.00025118864315096,0.004999999200071,3.9453975175562E-11,,0.006309573,0.005,9.907727E-10,,0.006309573,0.005000004,9.910808E-10
0.00028183829312645,0.0050000002738124,4.4267914530218E-11,,0.007943282,0.005,1.247258E-09,,0.007943282,0.005000004,1.24768E-09
0.00031622776601684,0.0049999996530246,4.9669205078957E-11,,0.01,0.005,1.570132E-09,,0.01,0.005000004,1.570702E-09
0.00035481338923358,0.0049999999531163,5.5729516561026E-11,,0.01258925,0.005,1.976577E-09,,0.01258925,0.005000004,1.977331E-09
0.0003981071705535,0.0050000008614339,6.2529251337987E-11,,0.01584893,0.005,2.488219E-09,,0.01584893,0.005000004,2.489188E-09
0.00044668359215096,0.005000000305086,7.0158627964551E-11,,0.01995262,0.005,3.132279E-09,,0.01995262,0.005000004,3.133473E-09
0.00050118723362727,0.0050000005379435,7.871885409275E-11,,0.02511886,0.005,3.943018E-09,,0.02511886,0.005000004,3.944399E-09
0.00056234132519035,0.0050000005391478,8.8323513356266E-11,,0.03162278,0.005,4.96356E-09,,0.03162278,0.005000004,4.965008E-09
0.00063095734448019,0.004999999518341,9.9100027992464E-11,,0.03981072,0.005,6.248178E-09,,0.03981072,0.005000004,6.249455E-09
0.00070794578438414,0.0049999996601041,1.1119135436366E-10,,0.05011872,0.005,7.86518E-09,,0.05011872,0.005000004,7.865912E-09
0.00079432823472428,0.0050000010724239,1.2475791675914E-10,,0.06309573,0.005,9.90053E-09,,0.06309573,0.005000004,9.900223E-09
0.00089125093813374,0.0050000000181618,1.3997969813845E-10,,0.07943282,0.005,1.246241E-08,,0.07943282,0.005000004,1.246051E-08
0.001,0.0049999998998411,1.570586341089E-10,,0.1,0.005,1.568696E-08,,0.1,0.005000004,1.568296E-08
0.001122018454302,0.0049999994941981,1.762212884019E-10,,0.1258925,0.005,1.974549E-08,,0.1258925,0.005000004,1.973903E-08
0.0012589254117942,0.0050000001693026,1.9772187481528E-10,,0.1584893,0.005,2.485354E-08,,0.1584893,0.005000004,2.484458E-08
0.0014125375446228,0.004999999203626,2.2184561470492E-10,,0.1995262,0.005,3.128232E-08,,0.1995262,0.005000004,3.127129E-08
0.0015848931924611,0.0049999999562686,2.4891253832495E-10,,0.2511886,0.005,3.937302E-08,,0.2511886,0.005000004,3.936098E-08
0.0017782794100389,0.0050000001849588,2.7928168654328E-10,,0.3162278,0.005,4.955485E-08,,0.3162278,0.005000004,4.954356E-08
0.0019952623149689,0.0050000001905159,3.1335588623224E-10,,0.3981072,0.005,6.236772E-08,,0.3981072,0.005000004,6.235964E-08
0.0022387211385683,0.0049999993601845,3.5158714251953E-10,,0.5011872,0.005,7.849069E-08,,0.5011872,0.005000004,7.848861E-08
0.0025118864315096,0.0049999993104708,3.9448259352205E-10,,0.6309573,0.005,9.877773E-08,,0.6309573,0.005000004,9.878406E-08
0.0028183829312645,0.0050000003949655,4.4261117907351E-10,,0.7943282,0.005,1.243027E-07,,0.7943282,0.005000004,1.243182E-07
0.0031622776601684,0.0050000002867426,4.9661130498728E-10,,1,0.004999999,1.564156E-07,,1,0.005000003,1.564383E-07
0.0035481338923358,0.0050000005018562,5.571991990438E-10,,1.258925,0.004999999,1.968135E-07,,1.258925,0.005000003,1.96838E-07
0.003981071705535,0.0050000006067301,6.2517845690148E-10,,1.584893,0.004999999,2.476295E-07,,1.584893,0.005000003,2.47648E-07
0.0044668359215096,0.0050000000002157,7.0145069074181E-10,,1.995262,0.004999998,3.115435E-07,,1.995262,0.005000002,3.11549E-07
0.0050118723362727,0.0050000001968827,7.8702743186999E-10,,2.511886,0.004999997,3.919226E-07,,2.511886,0.005000001,3.919128E-07
0.0056234132519035,0.005000000188848,8.8304367675701E-10,,3.162278,0.004999996,4.929952E-07,,3.162278,0.005,4.92975E-07
0.0063095734448019,0.0049999993459216,9.9077264229483E-10,,3.981072,0.004999995,6.200706E-07,,3.981072,0.004999999,6.200505E-07
0.0070794578438414,0.0050000008823715,1.1116431164501E-09,,5.011872,0.004999993,7.798125E-07,,5.011872,0.004999997,7.798034E-07
0.0079432823472428,0.0050000005223223,1.2472577561224E-09,,6.309573,0.00499999,9.805814E-07,,6.309573,0.004999994,9.805869E-07
0.0089125093813375,0.0050000001502006,1.3994149749602E-09,,7.943282,0.004999985,1.232862E-06,,7.943282,0.004999989,1.232876E-06
0.01,0.0050000008527611,1.5701322090735E-09,,10,0.004999979,1.549799E-06,,10,0.004999983,1.549807E-06
0.01122018454302,0.0049999990625665,1.7616731593774E-09,,12.58925,0.004999971,1.947856E-06,,12.58925,0.004999975,1.947854E-06
0.012589254117942,0.0049999994771105,1.9765773615061E-09,,15.84893,0.004999959,2.447651E-06,,15.84893,0.004999963,2.447642E-06
0.014125375446228,0.0050000008833187,2.2176939876282E-09,,19.95262,0.004999942,3.074977E-06,,19.95262,0.004999946,3.074971E-06
0.015848931924611,0.0050000006821861,2.4882193572107E-09,,25.11886,0.004999918,3.86208E-06,,25.11886,0.004999923,3.86208E-06
0.017782794100389,0.0049999994292021,2.7917399729389E-09,,31.62278,0.004999885,4.849238E-06,,31.62278,0.004999889,4.849239E-06
0.019952623149689,0.005000000736088,3.1322789978041E-09,,39.81072,0.004999838,6.086707E-06,,39.81072,0.004999842,6.086703E-06
0.022387211385683,0.0050000004646164,3.5143505013019E-09,,50.11872,0.004999773,7.637116E-06,,50.11872,0.004999777,7.637111E-06
0.025118864315096,0.0050000000122339,3.9430181756421E-09,,63.09573,0.00499968,9.57842E-06,,63.09573,0.004999684,9.578414E-06
0.028183829312645,0.0049999997096982,4.4239635408733E-09,,79.43282,0.00499955,1.200749E-05,,79.43282,0.004999554,1.200748E-05
0.031622776601684,0.0050000007702895,4.963559990854E-09,,100,0.004999368,1.504448E-05,,100,0.004999372,1.504447E-05
0.035481338923358,0.004999999897301,5.5689573489858E-09,,125.8925,0.004999113,1.883817E-05,,125.8925,0.004999117,1.883816E-05
0.03981071705535,0.0049999999343628,6.2481777881344E-09,,158.4893,0.004998756,2.357228E-05,,158.4893,0.00499876,2.357227E-05
0.044668359215096,0.0050000001172313,7.0102203270556E-09,,199.5262,0.004998256,2.947314E-05,,199.5262,0.00499826,2.947313E-05
0.050118723362727,0.0049999993136287,7.8651794326101E-09,,251.1886,0.004997558,3.681863E-05,,251.1886,0.004997562,3.681861E-05
0.056234132519035,0.004999999233985,8.824381516933E-09,,316.2278,0.004996584,4.594871E-05,,316.2278,0.004996588,4.594869E-05
0.063095734448019,0.0050000010383304,9.9005299509617E-09,,398.1072,0.004995228,5.727749E-05,,398.1072,0.004995232,5.727745E-05
0.070794578438414,0.0049999996900399,1.1107877968506E-08,,501.1872,0.004993342,7.130682E-05,,501.1872,0.004993346,7.130678E-05
0.079432823472428,0.0050000000777234,1.2462412449265E-08,,630.9573,0.004990726,8.864129E-05,,630.9573,0.00499073,8.864124E-05
0.089125093813375,0.0049999993980203,1.398206863329E-08,,794.3282,0.004987104,0.000110004,,794.3282,0.004987108,0.0001100039
0.1,0.0050000003754283,1.5686963248317E-08,,1000,0.004982103,0.0001362521,,1000,0.004982107,0.000136252
0.1122018454302,0.0050000001867786,1.7599666080463E-08,,1258.925,0.004975218,0.0001683913,,1258.925,0.004975222,0.0001683912
0.12589254117942,0.0050000007662613,1.9745491217251E-08,,1584.893,0.004965771,0.0002075857,,1584.893,0.004965775,0.0002075856
0.14125375446228,0.0049999997534994,2.2152833512825E-08,,1995.262,0.004952859,0.000255161,,1995.262,0.004952864,0.0002551608
0.15848931924611,0.0050000004319584,2.4853544628267E-08,,2511.886,0.004935287,0.0003125941,,2511.886,0.004935291,0.0003125939
0.17782794100389,0.0050000005394141,2.788334992707E-08,,3162.278,0.004911491,0.0003814846,,3162.278,0.004911495,0.0003814844
0.19952623149689,0.0049999989785088,3.1282322697396E-08,,3981.072,0.004879448,0.0004634965,,3981.072,0.004879452,0.0004634962
0.22387211385683,0.0050000001558728,3.5095407235776E-08,,5011.872,0.00483658,0.0005602599,,5011.872,0.004836584,0.0005602596
0.25118864315096,0.0050000000548008,3.9373018284849E-08,,6309.573,0.004779655,0.0006732191,,6309.573,0.004779659,0.0006732187
0.28183829312644,0.0050000002867623,4.4171697210052E-08,,7943.282,0.004704709,0.000803411,,7943.282,0.004704713,0.0008034105
0.31622776601684,0.0049999995164475,4.9554855109401E-08,,10000,0.004607006,0.0009511618,,10000,0.00460701,0.0009511613
0.35481338923358,0.0049999997763939,5.55936080401E-08,,12589.25,0.004481081,0.001115695,,12589.25,0.004481086,0.001115694
0.3981071705535,0.0049999998465119,6.2367723354247E-08,,15848.93,0.004320915,0.001294653,,15848.93,0.004320919,0.001294652
0.44668359215096,0.0050000004250591,6.9966649028211E-08,,19952.62,0.004120303,0.001483573,,19952.62,0.004120308,0.001483572
0.50118723362727,0.0049999997199282,7.849069181415E-08,,25118.86,0.003873495,0.001675373,,25118.86,0.003873499,0.001675372
0.56234132519035,0.0050000004061676,8.8052338041249E-08,,31622.78,0.003576155,0.00185998,,31622.78,0.003576159,0.00185998
0.63095734448019,0.004999999231631,9.8777735626122E-08,,39810.72,0.003226666,0.002024292,,39810.72,0.003226671,0.002024291
0.70794578438414,0.0049999986637291,1.10808314305E-07,,50118.72,0.002827683,0.002152689,,50118.72,0.002827688,0.002152689
0.79432823472428,0.0049999992248657,1.2430267561639E-07,,63095.73,0.002387722,0.002228391,,63095.73,0.002387727,0.002228391
0.89125093813375,0.004999998117795,1.3943863529054E-07,,79432.82,0.001922335,0.002235797,,79432.82,0.00192234,0.002235798
1,0.0049999994437573,1.5641558222772E-07,,100000,0.001454252,0.002163802,,100000,0.001454257,0.002163803
1.122018454302,0.0049999984706732,1.7545701981876E-07,,125892.5,0.001011762,0.002009579,,125892.5,0.001011767,0.002009581
1.2589254117942,0.0049999987762726,1.9681354667432E-07,,158489.3,0.0006248325,0.001781842,,158489.3,0.0006248376,0.001781844
1.4125375446227,0.0049999986123385,2.2076605367084E-07,,199526.2,0.0003191035,0.00150203,,199526.2,0.0003191079,0.001502034
1.5848931924611,0.0049999988788759,2.4762947607046E-07,,251188.6,0.0001090544,0.001201903,,251188.6,0.0001090577,0.001201907
1.7782794100389,0.0049999978369243,2.7775675533969E-07,,316227.8,-7.150561E-06,0.000916896,,316227.8,-7.14856E-06,0.0009169
1.9952623149689,0.0049999978613684,3.1154352442554E-07,,398107.2,-4.81381E-05,0.0006766076,,398107.2,-4.813708E-05,0.0006766109
2.2387211385683,0.0049999983627631,3.4943316979836E-07,,501187.2,-4.342502E-05,0.0004961425,,501187.2,-4.342474E-05,0.0004961455
2.5118864315096,0.0049999969631337,3.9192258333483E-07,,630957.3,-2.275104E-05,0.000372977,,630957.3,-2.275175E-05,0.000372979
2.8183829312645,0.0049999963108573,4.395685971619E-07,,794328.2,-5.897472E-06,0.0002917773,,794328.2,-5.897682E-06,0.000291778
3.1622776601684,0.0049999958863587,4.9299522432335E-07,,1000000,1.078308E-06,0.0002345061,,1000000,1.078824E-06,0.0002345074
3.5481338923358,0.0049999957035755,5.5290147596512E-07,,1258925,1.514289E-06,0.0001890414,,1258925,1.513326E-06,0.0001890425
3.981071705535,0.0049999950732814,6.2007064317149E-07,,1584893,4.130947E-07,0.0001509771,,1584893,4.131121E-07,0.0001509764
4.4668359215096,0.0049999939541091,6.9538006255528E-07,,1995262,-5.200173E-08,0.0001197974,,1995262,-5.069387E-08,0.0001197985
5.0118723362727,0.0049999930568999,7.7981249127213E-07,,2511886,-3.793169E-08,9.503577E-05,,2511886,-3.919801E-08,9.503706E-05
5.6234132519035,0.0049999924751378,8.7446876140237E-07,,3162278,8.144395E-10,7.548701E-05,,3162278,5.167942E-10,7.54857E-05
6.3095734448019,0.004999989320254,9.8058142877757E-07,,3981072,-5.202332E-11,5.996677E-05,,3981072,1.459684E-09,5.996739E-05
7.0794578438414,0.0049999884620978,1.0995308323929E-06,,5011872,8.059998E-10,4.763245E-05,,5011872,-1.128559E-10,4.763373E-05
7.9432823472428,0.0049999846306271,1.2328624344838E-06,,6309573,5.709335E-10,3.783765E-05,,6309573,-5.332477E-12,3.783666E-05
8.9125093813375,0.0049999830419531,1.382306277246E-06,,7943282,-1.073389E-09,3.005474E-05,,7943282,7.229519E-13,3.005475E-05
10,0.0049999791485173,1.5497986816443E-06,,10000000,2.221857E-10,2.387238E-05,,10000000,4.557748E-13,2.387333E-05
11.22018454302,0.0049999750069888,1.7375070908149E-06,,12589250,6.102201E-10,1.896359E-05,,12589250,4.811582E-12,1.896326E-05
12.589254117942,0.0049999715212932,1.9478561602176E-06,,15848930,-4.465975E-10,1.506338E-05,,15848930,9.740646E-13,1.506306E-05
14.125375446227,0.0049999651396193,2.1835591913745E-06,,19952620,-1.885788E-10,1.196455E-05,,19952620,-4.993105E-13,1.196501E-05
15.848931924611,0.0049999587205018,2.4476508146172E-06,,25118860,3.657145E-10,9.504065E-06,,25118860,-1.615212E-12,9.504142E-06
17.782794100389,0.0049999513695095,2.7435249733773E-06,,31622780,-3.264865E-11,7.549686E-06,,31622780,-1.821679E-13,7.549408E-06
19.952623149689,0.0049999413910173,3.0749766045822E-06,,39810720,-2.162802E-10,5.996621E-06,,39810720,5.570391E-13,5.996709E-06
22.387211385683,0.0049999308009383,3.4462477124501E-06,,50118720,1.049335E-10,4.763209E-06,,50118720,7.642428E-13,4.763355E-06
25.118864315096,0.0049999182624893,3.8620800738314E-06,,63095730,9.515887E-11,3.783789E-06,,63095730,7.270921E-13,3.783668E-06
28.183829312645,0.0049999026417809,4.3277708908085E-06,,79432820,-1.017081E-10,3.005549E-06,,79432820,6.051559E-13,3.005474E-06
31.622776601684,0.0049998859035713,4.8492383551737E-06,,100000000,-2.215539E-11,2.387277E-06,,100000000,4.659696E-13,2.387333E-06
35.481338923357,0.0049998632457245,5.4330908023246E-06
39.81071705535,0.0049998377390736,6.0867062526301E-06
44.668359215096,0.004999808738184,6.8183195230793E-06
50.118723362727,0.0049997734162773,7.6371166978262E-06
56.234132519035,0.0049997303257569,8.553342814339E-06
63.095734448019,0.0049996789590093,9.5784199508738E-06
70.794578438414,0.0049996199835648,1.0725074846191E-05
79.432823472428,0.0049995504516145,1.2007485114104E-05
89.125093813375,0.0049994677556377,1.3441433349557E-05
100,0.0049993689014938,1.5044479798362E-05
112.2018454302,0.0049992519040264,1.6836156447453E-05
125.89254117942,0.0049991127895433,1.8838168375432E-05
141.25375446227,0.0049989488819667,2.1074624045183E-05
158.48931924611,0.0049987556656509,2.3572284683928E-05
177.82794100389,0.0049985278153661,2.63608280913E-05
199.52623149689,0.004998255515153,2.9473142656065E-05
223.87211385683,0.0049979365319839,3.2945651421192E-05
251.18864315096,0.0049975577298663,3.6818634922393E-05
281.83829312645,0.0049971113128114,4.1136609484365E-05
316.22776601684,0.0049965847080097,4.5948712368609E-05
354.81338923357,0.0049959610045729,5.1309120740633E-05
398.1071705535,0.0049952269132236,5.7277487977875E-05
446.68359215096,0.0049943613727556,6.3919386991996E-05
501.18723362727,0.0049933420075592,7.1306817296228E-05
562.34132519035,0.0049921401461534,7.9518685851585E-05
630.95734448019,0.0049907254898723,8.8641287031775E-05
707.94578438414,0.0049890611615601,9.8768835950463E-05
794.32823472428,0.0049871036359541,0.00011000394640242
891.25093813375,0.0049848030598663,0.00012245810297226
1000,0.0049821029660641,0.00013625207823928
1122.018454302,0.0049789330659294,0.00015151632692193
1258.9254117942,0.0049752174839386,0.00016839128086317
1412.5375446227,0.0049708653805385,0.00018702749530434
1584.8931924611,0.0049657705183994,0.00020758573985
1778.2794100389,0.0049598156733973,0.00023023676787124
1995.2623149689,0.0049528586863231,0.00025516099191233
2238.7211385683,0.0049447435193797,0.00028254770008103
2511.8864315096,0.0049352870054586,0.00031259410221687
2818.3829312644,0.0049242811317109,0.00034550378745972
3162.2776601684,0.0049114908857451,0.00038148461619133
3548.1338923358,0.0048966473746114,0.00042074623013649
3981.071705535,0.0048794472425123,0.00046349648049298
4466.8359215096,0.0048595528840092,0.00050993740144744
5011.8723362727,0.004836578595429,0.00056025992269434
5623.4132519035,0.0048101049919776,0.00061463758109985
6309.5734448019,0.0047796555482195,0.00067321910291865
7079.4578438414,0.0047447125609048,0.00073611972998718
7943.2823472428,0.0047047085818465,0.00080341096529522
8912.5093813375,0.0046590277834541,0.00087510903813675
10000,0.0046070051787083,0.00095116183037593
11220.18454302,0.004547937503549,0.0010314347101214
12589.254117942,0.0044810816808496,0.0011156946403556
14125.375446228,0.0044056674933373,0.0012035938734248
15848.931924611,0.0043209157893068,0.001294652955094
17782.794100389,0.0042260438133936,0.0013882435905084
19952.623149689,0.0041203026020037,0.0014835729672738
22387.211385683,0.0040029914132225,0.0015796695463281
25118.864315096,0.0038734947319948,0.0016753725096347
28183.829312645,0.0037313232521327,0.0017693260974992
31622.776601684,0.0035761555047577,0.0018599804595664
35481.338923358,0.0034078820813334,0.0019456015215354
39810.71705535,0.0032266659835886,0.0020242917393927
44668.359215096,0.0030329831490049,0.0020940237618088
50118.723362727,0.0028276828499597,0.0021526893372745
56234.132519035,0.002612026699201,0.0021981643215008
63095.734448019,0.0023877219284153,0.0022283905903397
70794.578438414,0.0021569447729932,0.0022414742247015
79432.823472428,0.0019223356825476,0.0022357973614549
89125.093813375,0.0016869588515687,0.0022101395973092
100000,0.0014542520701854,0.0021638018032934
112201.8454302,0.0012279127254237,0.0020967228473198
125892.54117942,0.001011762605574,0.0020095792310098
141253.75446228,0.00080956663681939,0.0019038506395852
158489.31924611,0.00062483268513243,0.0017818418616046
177827.94100389,0.00046057486355045,0.0016466442777847
199526.23149689,0.00031910305699646,0.0015020301944997
223872.11385683,0.00020181641159757,0.0013522734857452
251188.64315096,0.00010905574914725,0.0012019033962558
281838.29312645,4.0028917108942E-05,0.0010554055818057
316227.76601684,-7.1507288980843E-06,0.00091689610056923
354813.38923358,-3.5345554289116E-05,0.00078980406926001
398107.1705535,-4.8138125450136E-05,0.00067660750611658
446683.59215096,-4.9502159143531E-05,0.00057865967721779
501187.23362727,-4.3425482769754E-05,0.00049614250558369
562341.32519035,-3.3526611690679E-05,0.00042816232385562
630957.34448019,-2.2751062433905E-05,0.00037297704440805
707945.78438414,-1.3162829021606E-05,0.00032832214948989
794328.23472428,-5.8970550563062E-06,0.00029177733388706
891250.93813375,-1.2570334408353E-06,0.00026110632569424
1000000,1.0787310630303E-06,0.00023450613314181
1122018.454302,1.759448691064E-06,0.00021072408278311
1258925.4117942,1.5146452989048E-06,0.00018904143481571
1412537.5446228,9.4042013897792E-07,0.00016914921375101
1584893.1924611,4.123676148899E-07,0.00015097700225838
1778279.4100389,8.2958354547837E-08,0.00013453327744007
1995262.3149689,-5.1964545478254E-08,0.00011979746728348
2238721.1385683,-6.7497007288052E-08,0.00010668050491521
2511886.4315096,-3.7982079449488E-08,9.5035783636653E-05
2818382.9312644,-1.0775446549795E-08,8.4692104771208E-05
3162277.6601684,9.8254125148467E-10,7.5487129517164E-05
3548133.8923358,2.1134707820641E-09,6.7282884015717E-05
3981071.705535,-9.5297636969194E-11,5.9966747142408E-05
4466835.9215096,5.5778561717373E-10,5.3444873371697E-05
5011872.3362727,2.0103296718282E-10,4.7632356291855E-05
5623413.2519035,6.9035080169783E-10,4.2453338078576E-05
6309573.4448019,-4.8060845234121E-11,3.7837523719421E-05
7079457.8438414,-7.6181598009095E-10,3.3722868674204E-05
7943282.3472428,-1.5110243577199E-09,3.0054513704471E-05
8912509.3813375,-9.4625496587647E-10,2.6785411483314E-05
10000000,-1.3819812221677E-10,2.3872288648975E-05
