  3.548133892335755E-006  4.999999431179407E-003  5.573351095616074E-013
  3.981071705534971E-006  4.999999976872642E-003  6.253400071839059E-013
  4.466835921509627E-006  4.999999631054209E-003  7.016426630193123E-013
  5.011872336272717E-006  4.999999696503349E-003  7.872556328758896E-013
  5.623413251903480E-006  4.999999089481650E-003  8.833147949584822E-013
  6.309573444801918E-006  4.999999704228954E-003  9.910949342108520E-013
  7.079457843841360E-006  5.000000193959325E-003  1.112026131155258E-012
  7.943282347242818E-006  5.000001235400935E-003  1.247713030396477E-012
  8.912509381337453E-006  5.000000242697913E-003  1.399956014673295E-012
  9.999999999999994E-006  5.000000630563082E-003  1.570775343185687E-012
  1.122018454301962E-005  5.000000325651659E-003  1.762437491823004E-012
  1.258925411794165E-005  4.999999133429394E-003  1.977485812768316E-012
  1.412537544622754E-005  4.999999595284940E-003  2.218773480558667E-012
  1.584893192461112E-005  4.999999646015309E-003  2.489502451371547E-012
  1.778279410038921E-005  5.000000069710538E-003  2.793264962662008E-012
  1.995262314968876E-005  4.999999875641690E-003  3.134091469282914E-012
  2.238721138568339E-005  4.999999969317756E-003  3.516504507710713E-012
  2.511886431509578E-005  5.000000728920651E-003  3.945578488185316E-012
  2.818382931264450E-005  4.999999175976917E-003  4.427006092149099E-012
  3.162277660168373E-005  4.999999977365568E-003  4.967176187352874E-012
  3.548133892335753E-005  5.000001125102124E-003  5.573255467846020E-012
  3.981071705534968E-005  4.999999761169010E-003  6.253285676550579E-012
  4.466835921509624E-005  4.999999857200659E-003  7.016291327904722E-012
  5.011872336272722E-005  5.000000669015360E-003  7.872394880881999E-012
  5.623413251903487E-005  4.999999117312207E-003  8.832956979301076E-012
  6.309573444801925E-005  4.999999359606251E-003  9.910721769498710E-012
  7.079457843841368E-005  4.999999564186782E-003  1.111999101038984E-011
  7.943282347242813E-005  4.999999976306718E-003  1.247680901848954E-011
  8.912509381337448E-005  4.999999592076784E-003  1.399917877450446E-011
  9.999999999999987E-005  5.000000366793449E-003  1.570729902599063E-011
  1.122018454301961E-004  4.999999814529737E-003  1.762383593609932E-011
  1.258925411794167E-004  4.999999925697922E-003  1.977421572451093E-011
  1.412537544622753E-004  5.000000147631471E-003  2.218697285479997E-011
  1.584893192461111E-004  4.999999912324088E-003  2.489411988599311E-011
  1.778279410038922E-004  4.999999821586558E-003  2.793157421906636E-011
  1.995262314968878E-004  4.999999586437860E-003  3.133963495800151E-011
  2.238721138568337E-004  5.000000291222343E-003  3.516352614211845E-011
  2.511886431509576E-004  4.999999200071031E-003  3.945397517556186E-011
  2.818382931264453E-004  5.000000273812373E-003  4.426791453021771E-011
  3.162277660168377E-004  4.999999653024605E-003  4.966920507895699E-011
  3.548133892335751E-004  4.999999953116313E-003  5.572951656102640E-011
  3.981071705534965E-004  5.000000861433938E-003  6.252925133798658E-011
  4.466835921509629E-004  5.000000305085967E-003  7.015862796455094E-011
  5.011872336272718E-004  5.000000537943523E-003  7.871885409274978E-011
  5.623413251903482E-004  5.000000539147788E-003  8.832351335626597E-011
  6.309573444801932E-004  4.999999518341026E-003  9.910002799246373E-011
  7.079457843841375E-004  4.999999660104053E-003  1.111913543636616E-010
  7.943282347242807E-004  5.000001072423903E-003  1.247579167591386E-010
  8.912509381337442E-004  5.000000018161799E-003  1.399796981384538E-010
  9.999999999999998E-004  4.999999899841130E-003  1.570586341089000E-010
  1.122018454301963E-003  4.999999494198139E-003  1.762212884018956E-010
  1.258925411794166E-003  5.000000169302615E-003  1.977218748152790E-010
  1.412537544622752E-003  4.999999203625993E-003  2.218456147049244E-010
  1.584893192461113E-003  4.999999956268606E-003  2.489125383249502E-010
  1.778279410038921E-003  5.000000184958811E-003  2.792816865432847E-010
  1.995262314968877E-003  5.000000190515908E-003  3.133558862322415E-010
  2.238721138568339E-003  4.999999360184537E-003  3.515871425195304E-010
  2.511886431509579E-003  4.999999310470813E-003  3.944825935220475E-010
  2.818382931264451E-003  5.000000394965459E-003  4.426111790735118E-010
  3.162277660168375E-003  5.000000286742561E-003  4.966113049872796E-010
  3.548133892335754E-003  5.000000501856166E-003  5.571991990438036E-010
  3.981071705534970E-003  5.000000606730093E-003  6.251784569014830E-010
  4.466835921509627E-003  5.000000000215716E-003  7.014506907418134E-010
  5.011872336272715E-003  5.000000196882686E-003  7.870274318699871E-010
  5.623413251903489E-003  5.000000188847991E-003  8.830436767570089E-010
  6.309573444801928E-003  4.999999345921615E-003  9.907726422948301E-010
  7.079457843841370E-003  5.000000882371496E-003  1.111643116450092E-009
  7.943282347242816E-003  5.000000522322274E-003  1.247257756122420E-009
  8.912509381337452E-003  5.000000150200594E-003  1.399414974960156E-009
  9.999999999999992E-003  5.000000852761101E-003  1.570132209073452E-009
  1.122018454301962E-002  4.999999062566458E-003  1.761673159377369E-009
  1.258925411794167E-002  4.999999477110550E-003  1.976577361506082E-009
  1.412537544622753E-002  5.000000883318665E-003  2.217693987628151E-009
  1.584893192461112E-002  5.000000682186111E-003  2.488219357210667E-009
  1.778279410038920E-002  4.999999429202142E-003  2.791739972938914E-009
  1.995262314968879E-002  5.000000736088009E-003  3.132278997804101E-009
  2.238721138568338E-002  5.000000464616426E-003  3.514350501301939E-009
  2.511886431509577E-002  5.000000012233880E-003  3.943018175642066E-009
  2.818382931264454E-002  4.999999709698229E-003  4.423963540873269E-009
  3.162277660168378E-002  5.000000770289493E-003  4.963559990854013E-009
  3.548133892335752E-002  4.999999897301001E-003  5.568957348985787E-009
  3.981071705534971E-002  4.999999934362841E-003  6.248177788134399E-009
  4.466835921509627E-002  5.000000117231320E-003  7.010220327055553E-009
  5.011872336272721E-002  4.999999313628722E-003  7.865179432610137E-009
  5.623413251903486E-002  4.999999233985021E-003  8.824381516933047E-009
  6.309573444801929E-002  5.000001038330397E-003  9.900529950961743E-009
  7.079457843841377E-002  4.999999690039859E-003  1.110787796850558E-008
  7.943282347242810E-002  5.000000077723401E-003  1.246241244926478E-008
  8.912509381337454E-002  4.999999398020330E-003  1.398206863329008E-008
  0.100000000000000       5.000000375428329E-003  1.568696324831693E-008
  0.112201845430196       5.000000186778595E-003  1.759966608046284E-008
  0.125892541179417       5.000000766261285E-003  1.974549121725143E-008
  0.141253754462275       4.999999753499426E-003  2.215283351282523E-008
  0.158489319246111       5.000000431958429E-003  2.485354462826662E-008
  0.177827941003892       5.000000539414102E-003  2.788334992706972E-008
  0.199526231496888       4.999998978508793E-003  3.128232269739622E-008
  0.223872113856834       5.000000155872832E-003  3.509540723577563E-008
  0.251188643150958       5.000000054800782E-003  3.937301828484889E-008
  0.281838293126445       5.000000286762258E-003  4.417169721005157E-008
  0.316227766016838       4.999999516447497E-003  4.955485510940109E-008
  0.354813389233575       4.999999776393879E-003  5.559360804010001E-008
  0.398107170553497       4.999999846511872E-003  6.236772335424700E-008
  0.446683592150963       5.000000425059131E-003  6.996664902821056E-008
  0.501187233627272       4.999999719928202E-003  7.849069181415019E-008
  0.562341325190349       5.000000406167573E-003  8.805233804124885E-008
  0.630957344480193       4.999999231631010E-003  9.877773562612182E-008
  0.707945784384137       4.999998663729099E-003  1.108083143049991E-007
  0.794328234724281       4.999999224865714E-003  1.243026756163886E-007
  0.891250938133746       4.999998117794995E-003  1.394386352905367E-007
  0.999999999999999       4.999999443757262E-003  1.564155822277231E-007
   1.12201845430196       4.999998470673164E-003  1.754570198187621E-007
   1.25892541179417       4.999998776272629E-003  1.968135466743247E-007
   1.41253754462275       4.999998612338520E-003  2.207660536708390E-007
   1.58489319246111       4.999998878875890E-003  2.476294760704590E-007
   1.77827941003892       4.999997836924326E-003  2.777567553396945E-007
   1.99526231496888       4.999997861368434E-003  3.115435244255434E-007
   2.23872113856834       4.999998362763097E-003  3.494331697983593E-007
   2.51188643150958       4.999996963133708E-003  3.919225833348275E-007
   2.81838293126445       4.999996310857307E-003  4.395685971618976E-007
   3.16227766016838       4.999995886358730E-003  4.929952243233520E-007
   3.54813389233575       4.999995703575547E-003  5.529014759651199E-007
   3.98107170553497       4.999995073281414E-003  6.200706431714889E-007
   4.46683592150963       4.999993954109100E-003  6.953800625552844E-007
   5.01187233627272       4.999993056899938E-003  7.798124912721297E-007
   5.62341325190349       4.999992475137788E-003  8.744687614023669E-007
   6.30957344480193       4.999989320253983E-003  9.805814287775652E-007
   7.07945784384138       4.999988462097834E-003  1.099530832392926E-006
   7.94328234724281       4.999984630627097E-003  1.232862434483777E-006
   8.91250938133745       4.999983041953070E-003  1.382306277245989E-006
  10.00000000000000       4.999979148517288E-003  1.549798681644319E-006
   11.2201845430196       4.999975006988817E-003  1.737507090814860E-006
   12.5892541179417       4.999971521293212E-003  1.947856160217560E-006
   14.1253754462275       4.999965139619309E-003  2.183559191374538E-006
   15.8489319246111       4.999958720501821E-003  2.447650814617168E-006
   17.7827941003892       4.999951369509512E-003  2.743524973377333E-006
   19.9526231496888       4.999941391017262E-003  3.074976604582186E-006
   22.3872113856834       4.999930800938327E-003  3.446247712450115E-006
   25.1188643150958       4.999918262489332E-003  3.862080073831358E-006
   28.1838293126445       4.999902641780944E-003  4.327770890808548E-006
   31.6227766016838       4.999885903571346E-003  4.849238355173738E-006
   35.4813389233575       4.999863245724460E-003  5.433090802324586E-006
   39.8107170553497       4.999837739073580E-003  6.086706252630075E-006
   44.6683592150963       4.999808738183991E-003  6.818319523079269E-006
   50.1187233627272       4.999773416277333E-003  7.637116697826197E-006
   56.2341325190349       4.999730325756895E-003  8.553342814338956E-006
   63.0957344480193       4.999678959009303E-003  9.578419950873823E-006
   70.7945784384138       4.999619983564793E-003  1.072507484619114E-005
   79.4328234724282       4.999550451614493E-003  1.200748511410362E-005
   89.1250938133745       4.999467755637721E-003  1.344143334955671E-005
   100.000000000000       4.999368901493813E-003  1.504447979836188E-005
   112.201845430196       4.999251904026431E-003  1.683615644745312E-005
   125.892541179417       4.999112789543283E-003  1.883816837543156E-005
   141.253754462275       4.998948881966662E-003  2.107462404518282E-005
   158.489319246111       4.998755665650855E-003  2.357228468392824E-005
   177.827941003892       4.998527815366140E-003  2.636082809129981E-005
   199.526231496888       4.998255515153006E-003  2.947314265606473E-005
   223.872113856834       4.997936531983871E-003  3.294565142119235E-005
   251.188643150958       4.997557729866283E-003  3.681863492239331E-005
   281.838293126445       4.997111312811357E-003  4.113660948436510E-005
   316.227766016838       4.996584708009665E-003  4.594871236860897E-005
   354.813389233575       4.995961004572869E-003  5.130912074063263E-005
   398.107170553497       4.995226913223642E-003  5.727748797787519E-005
   446.683592150963       4.994361372755620E-003  6.391938699199594E-005
   501.187233627272       4.993342007559238E-003  7.130681729622843E-005
   562.341325190349       4.992140146153371E-003  7.951868585158507E-005
   630.957344480193       4.990725489872300E-003  8.864128703177470E-005
   707.945784384138       4.989061161560100E-003  9.876883595046289E-005
   794.328234724282       4.987103635954137E-003  1.100039464024249E-004
   891.250938133746       4.984803059866309E-003  1.224581029722613E-004
   1000.00000000000       4.982102966064055E-003  1.362520782392792E-004
   1122.01845430196       4.978933065929394E-003  1.515163269219341E-004
   1258.92541179417       4.975217483938623E-003  1.683912808631694E-004
   1412.53754462275       4.970865380538500E-003  1.870274953043373E-004
   1584.89319246111       4.965770518399382E-003  2.075857398499957E-004
   1778.27941003892       4.959815673397263E-003  2.302367678712350E-004
   1995.26231496888       4.952858686323064E-003  2.551609919123278E-004
   2238.72113856834       4.944743519379694E-003  2.825477000810297E-004
   2511.88643150958       4.935287005458647E-003  3.125941022168684E-004
   2818.38293126445       4.924281131710897E-003  3.455037874597206E-004
   3162.27766016838       4.911490885745145E-003  3.814846161913324E-004
   3548.13389233576       4.896647374611437E-003  4.207462301364870E-004
   3981.07170553497       4.879447242512322E-003  4.634964804929782E-004
   4466.83592150963       4.859552884009207E-003  5.099374014474398E-004
   5011.87233627272       4.836578595429032E-003  5.602599226943400E-004
   5623.41325190349       4.810104991977606E-003  6.146375810998540E-004
   6309.57344480194       4.779655548219467E-003  6.732191029186502E-004
   7079.45784384138       4.744712560904842E-003  7.361197299871822E-004
   7943.28234724282       4.704708581846491E-003  8.034109652952227E-004
   8912.50938133746       4.659027783454123E-003  8.751090381367541E-004
   10000.0000000000       4.607005178708348E-003  9.511618303759275E-004
   11220.1845430196       4.547937503549014E-003  1.031434710121406E-003
   12589.2541179417       4.481081680849602E-003  1.115694640355601E-003
   14125.3754462276       4.405667493337268E-003  1.203593873424764E-003
   15848.9319246111       4.320915789306810E-003  1.294652955093974E-003
   17782.7941003892       4.226043813393644E-003  1.388243590508445E-003
   19952.6231496888       4.120302602003702E-003  1.483572967273810E-003
   22387.2113856834       4.002991413222481E-003  1.579669546328074E-003
   25118.8643150958       3.873494731994835E-003  1.675372509634674E-003
   28183.8293126446       3.731323252132705E-003  1.769326097499164E-003
   31622.7766016838       3.576155504757674E-003  1.859980459566385E-003
   35481.3389233576       3.407882081333387E-003  1.945601521535449E-003
   39810.7170553497       3.226665983588626E-003  2.024291739392673E-003
   44668.3592150963       3.032983149004911E-003  2.094023761808807E-003
   50118.7233627273       2.827682849959718E-003  2.152689337274479E-003
   56234.1325190349       2.612026699200992E-003  2.198164321500751E-003
   63095.7344480194       2.387721928415324E-003  2.228390590339708E-003
   70794.5784384138       2.156944772993244E-003  2.241474224701527E-003
   79432.8234724282       1.922335682547616E-003  2.235797361454913E-003
   89125.0938133746       1.686958851568747E-003  2.210139597309166E-003
   100000.000000000       1.454252070185377E-003  2.163801803293377E-003
   112201.845430196       1.227912725423674E-003  2.096722847319772E-003
   125892.541179417       1.011762605574017E-003  2.009579231009819E-003
   141253.754462275       8.095666368193909E-004  1.903850639585177E-003
   158489.319246111       6.248326851324261E-004  1.781841861604611E-003
   177827.941003892       4.605748635504465E-004  1.646644277784706E-003
   199526.231496888       3.191030569964634E-004  1.502030194499670E-003
   223872.113856834       2.018164115975682E-004  1.352273485745151E-003
   251188.643150958       1.090557491472471E-004  1.201903396255807E-003
   281838.293126446       4.002891710894185E-005  1.055405581805688E-003
   316227.766016838      -7.150728898084290E-006  9.168961005692317E-004
   354813.389233575      -3.534555428911634E-005  7.898040692600149E-004
   398107.170553498      -4.813812545013604E-005  6.766075061165794E-004
   446683.592150963      -4.950215914353070E-005  5.786596772177935E-004
   501187.233627272      -4.342548276975357E-005  4.961425055836929E-004
   562341.325190350      -3.352661169067888E-005  4.281623238556209E-004
   630957.344480194      -2.275106243390494E-005  3.729770444080542E-004
   707945.784384138      -1.316282902160629E-005  3.283221494898864E-004
   794328.234724281      -5.897055056306236E-006  2.917773338870579E-004
   891250.938133747      -1.257033440835338E-006  2.611063256942434E-004
   1000000.00000000       1.078731063030268E-006  2.345061331418094E-004
   1122018.45430196       1.759448691063953E-006  2.107240827831082E-004
   1258925.41179417       1.514645298904792E-006  1.890414348157084E-004
   1412537.54462276       9.404201389779168E-007  1.691492137510058E-004
   1584893.19246111       4.123676148898997E-007  1.509770022583798E-004
   1778279.41003892       8.295835454783657E-008  1.345332774400675E-004
   1995262.31496888      -5.196454547825441E-008  1.197974672834805E-004
   2238721.13856834      -6.749700728805180E-008  1.066805049152063E-004
   2511886.43150958      -3.798207944948756E-008  9.503578363665309E-005
   2818382.93126445      -1.077544654979473E-008  8.469210477120826E-005
   3162277.66016838       9.825412514846699E-010  7.548712951716410E-005
   3548133.89233576       2.113470782064142E-009  6.728288401571692E-005
   3981071.70553497      -9.529763696919380E-011  5.996674714240843E-005
   4466835.92150963       5.577856171737339E-010  5.344487337169727E-005
   5011872.33627273       2.010329671828237E-010  4.763235629185470E-005
   5623413.25190349       6.903508016978255E-010  4.245333807857620E-005
   6309573.44480193      -4.806084523412135E-011  3.783752371942142E-005
   7079457.84384139      -7.618159800909519E-010  3.372286867420405E-005
   7943282.34724282      -1.511024357719881E-009  3.005451370447112E-005
   8912509.38133746      -9.462549658764696E-010  2.678541148331394E-005
   10000000.0000000      -1.381981222167705E-010  2.387228864897495E-005
