1E-05,0.00021620502956391,,,1E-05,0.000216205,,,1E-05,0.0002162049,,1E-05,0.0002161109257284,,1.3674015842671E-05,5.9926408864562E-05,0.043525275847333
1.2589254117942E-05,0.0001749907970761,,,1.258925E-05,0.0001749908,,,1.258925E-05,0.0001749908,,1.2589254117942E-05,0.00017490276692701,,1.6708878689687E-06,1.6708878689687E-06,0.050305587813871
1.5848931924611E-05,0.00013371340734709,,,1.584893E-05,0.0001337134,,,1.584893E-05,0.0001337133,,1.5848931924611E-05,0.00013363511714619,,5.494654667164E-06,8.0281470732226E-05,0.058550748538896
1.9952623149689E-05,9.6960947407522E-05,,,1.995262E-05,9.696093E-05,,,1.995262E-05,9.696082E-05,,1.9952623149689E-05,9.6894403971344E-05,,1.7953126968313E-05,0.00013140086334961,0.068629110954104
2.5118864315096E-05,6.7168143919068E-05,,,2.511886E-05,6.716814E-05,,,2.511886E-05,6.71681E-05,,2.5118864315096E-05,6.711386852919E-05,,5.8347123748951E-06,6.538675247741E-05,0.080805254859223
3.1622776601684E-05,4.4757057167682E-05,,,3.162278E-05,4.475706E-05,,,3.162278E-05,4.475702E-05,,3.1622776601684E-05,4.4714323880245E-05,,6.3282042750597E-06,8.3043176539676E-05,0.09547832261766
3.981071705535E-05,2.8873073383127E-05,,,3.981072E-05,2.887308E-05,,,3.981072E-05,2.887305E-05,,3.981071705535E-05,2.8840445564138E-05,,2.2917106570295E-05,8.0985930008561E-05,0.11300431566741
5.0118723362727E-05,1.8136173335867E-05,,,5.011872E-05,1.813618E-05,,,5.011872E-05,1.813616E-05,,5.0118723362727E-05,1.8111906562905E-05,,3.6744978542655E-05,7.3531867777831E-05,0.13380315964287
6.3095734448019E-05,1.1146934688129E-05,,,6.309573E-05,1.114693E-05,,,6.309573E-05,1.114692E-05,,6.3095734448019E-05,1.1129283527362E-05,,4.2057562289186E-05,0.0001317683238616,0.15834990749499
7.9432823472428E-05,6.7315530335495E-06,,,7.943282E-05,6.731553E-06,,,7.943282E-05,6.731547E-06,,7.9432823472428E-05,6.7189671648624E-06,,4.9839168152095E-07,8.9630869281246E-05,0.18696827647919
0.0001,4.0078341003657E-06,,,0.0001,4.007834E-06,,,0.0001,4.007829E-06,,0.0001,3.9990037708932E-06,,2.5042378993637E-06,0.00012725990079086,0.22032672139996
0.00012589254117942,2.3591454919899E-06,,,0.0001258925,2.359145E-06,,,0.0001258925,2.359141E-06,,0.00012589254117942,2.3530401652443E-06,,2.0854580665616E-05,0.00019040749775749,0.25879398987258
0.00015848931924611,1.376064561018E-06,,,0.0001584893,1.376064E-06,,,0.0001584893,1.376061E-06,,0.00015848931924611,1.3718943140654E-06,,4.0769744094978E-05,0.00025878277087126,0.30305605352469
0.00019952623149689,7.9682357013175E-07,,,0.0001995262,7.968228E-07,,,0.0001995262,7.968215E-07,,0.00019952623149689,7.9400380324298E-07,,9.6650222075972E-05,0.00025979800643886,0.35387593872266
0.00025118864315096,4.587420575622E-07,,,0.0002511886,4.587423E-07,,,0.0002511886,4.587426E-07,,0.00025118864315096,4.5685338048272E-07,,5.2848391819441E-05,0.00011824461940118,0.41170785375935
0.00031622776601684,2.6289259810481E-07,,,0.0003162278,2.628926E-07,,,0.0003162278,2.628933E-07,,0.00031622776601684,2.6163733370101E-07,,7.2089895908394E-07,0.00026698933140809,0.4774818358729
0.0003981071705535,1.5010894002163E-07,,,0.0003981072,1.501091E-07,,,0.0003981072,1.501086E-07,,0.0003981071705535,1.4927990769501E-07,,0.00010657484489788,0.00022651657520125,0.55228710994678
0.00050118723362727,8.546499720951E-08,,,0.0005011872,8.546509E-08,,,0.0005011872,8.546479E-08,,0.00050118723362727,8.4920551644232E-08,,0.00010857133683181,0.00024244956037545,0.63703923600858
0.00063095734448019,4.8550376260008E-08,,,0.0006309573,4.855032E-08,,,0.0006309573,4.855063E-08,,0.00063095734448019,4.8194736266709E-08,,0.00011587965395551,0.00052263239039894,0.73251748121265
0.00079432823472428,2.753166386765E-08,,,0.0007943282,2.753171E-08,,,0.0007943282,2.753147E-08,,0.00079432823472428,2.7300149817342E-08,,0.00016756106795074,0.00070416249061852,0.84090104913577
0.001,1.559141399083E-08,,,0.001,1.559144E-08,,,0.001,1.559117E-08,,0.001,1.5441287289442E-08,,0.00016681726245098,0.0015649050826733,0.96288060516286
0.0012589254117942,8.8205471242845E-09,,,0.001258925,8.820511E-09,,,0.001258925,8.820515E-09,,0.0012589254117942,8.7234249794784E-09,,0.00040954698151595,0.00036419832067599,1.1010898013192
0.0015848931924611,4.9862597859589E-09,,,0.001584893,4.986223E-09,,,0.001584893,4.986255E-09,,0.0015848931924611,4.9235422412375E-09,,0.00073774653707389,9.5982943239786E-05,1.257807403015
0.0019952623149689,2.8171516230072E-09,,,0.001995262,2.817193E-09,,,0.001995262,2.817209E-09,,0.0019952623149689,2.7767183206986E-09,,0.0014687527807215,0.0020367023319444,1.4352547437774
0.0025118864315096,1.5911468459876E-09,,,0.002511886,1.591143E-09,,,0.002511886,1.591148E-09,,0.0025118864315096,1.5651036100304E-09,,0.00024171166914297,7.2527083398826E-05,1.6367587958853
0.0031622776601684,8.9848264313808E-10,,,0.003162278,8.984986E-10,,,0.003162278,8.985006E-10,,0.0031622776601684,8.8172211492774E-10,,0.001775978873034,0.0019985763839922,1.8654259309675
0.003981071705535,5.0734825706971E-10,,,0.003981072,5.073411E-10,,,0.003981072,5.073418E-10,,0.003981071705535,4.9656940823933E-10,,0.0014106818364525,0.0012727095481353,2.12454634074
0.0050118723362727,2.8648667369997E-10,,,0.005011872,2.864891E-10,,,0.005011872,2.864893E-10,,0.0050118723362727,2.7955905950813E-10,,0.00084691549475748,0.00091672676989606,2.4181279018582
0.0063095734448019,1.6180086844523E-10,,,0.006309573,1.618031E-10,,,0.006309573,1.618032E-10,,0.0063095734448019,1.5735171147079E-10,,0.0013791982647861,0.0014410026302181,2.7497732349607
0.0079432823472428,9.1403744672474E-11,,,0.007943282,9.140661E-11,,,0.007943282,9.140664E-11,,0.0079432823472428,8.8548680311868E-11,,0.0031348032143272,0.003167624626731,3.1235748281831
0.01,5.1656681452236E-11,,,0.01,5.165575E-11,,,0.01,5.165575E-11,,0.01,4.9826089127011E-11,,0.0018031592619038,0.0018031592619038,3.5437667960094
0.012589254117942,2.920572418653E-11,,,0.01258925,2.920428E-11,,,0.01258925,2.920428E-11,,0.012589254117942,2.8033372132855E-11,,0.004944874918264,0.004944874918264,4.0141173907819
0.015848931924611,1.6520377101578E-11,,,0.01584893,1.651951E-11,,,0.01584893,1.651951E-11,,0.015848931924611,1.5770256957016E-11,,0.0052486790868654,0.0052486790868654,4.5405751935919
0.019952623149689,9.3498822869788E-12,,,0.01995262,9.349881E-12,,,0.01995262,9.349881E-12,,0.019952623149689,8.8703345806962E-12,,1.3764652434238E-05,1.3764652434238E-05,5.1289170447679
0.025118864315096,5.2952299701454E-12,,,0.02511886,5.295539E-12,,,0.02511886,5.29554E-12,,0.025118864315096,4.9889687143618E-12,,0.00583600441043,0.0058548893315046,5.7837196403242
0.031622776601684,3.0015826529764E-12,,,0.03162278,3.001562E-12,,,0.03162278,3.001561E-12,,0.031622776601684,2.8061921561713E-12,,0.00068806955489097,0.00072138531245566,6.5095824235036
0.03981071705535,1.7025126876085E-12,,,0.03981072,1.702775E-12,,,0.03981072,1.702778E-12,,0.03981071705535,1.57799272785E-12,,0.015407367792872,0.015583577933434,7.3138932041321
0.050118723362727,9.6706947941433E-13,,,0.05011872,9.669007E-13,,,0.05011872,9.668995E-13,,0.050118723362727,8.8779026917449E-13,,0.01745266683757,0.017576753061531,8.1978815304824
0.063095734448019,5.4961424051833E-13,,,0.06309573,5.496237E-13,,,0.06309573,5.496149E-13,,0.063095734448019,4.9918263543674E-13,,0.001721112913875,0.00011998991681949,9.175818485713
0.079432823472428,3.1279294865347E-13,,,0.07943282,3.127917E-13,,,0.07943282,3.128048E-13,,0.079432823472428,2.8073871108228E-13,,0.00039919489085692,0.0037888790591419,10.247749416724
0.1,1.7819937085779E-13,,,0.1,1.782382E-13,,,0.1,1.782532E-13,,0.1,1.5783995757401E-13,,0.021789719022631,0.030207257158594,11.425075849468
