I0=1.000000e+00 a=1.000000e+01
每层厚度分别为：4.000000e+01	4.000000e+01	1.000000e+20	
每层电导率分别为：1.000000e-02	1.000000e-02	1.000000e-02	
正演数据：
1.000000e-04  4.981964e-08
1.258925e-04  2.802857e-08
1.584893e-04  1.576740e-08
1.995262e-04  8.869245e-09
2.511886e-04  4.988698e-09
3.162278e-04  2.805866e-09
3.981072e-04  1.578085e-09
5.011872e-04  8.875253e-10
6.309573e-04  4.991379e-10
7.943282e-04  2.807066e-10
1.000000e-03  1.578619e-10
1.258925e-03  8.877651e-11
1.584893e-03  4.992445e-11
1.995262e-03  2.807547e-11
2.511886e-03  1.578838e-11
3.162278e-03  8.878638e-12
3.981072e-03  4.992885e-12
5.011872e-03  2.807718e-12
6.309573e-03  1.578908e-12
7.943282e-03  8.878979e-13
1.000000e-02  4.993100e-13
1.258925e-02  2.807817e-13
1.584893e-02  1.579079e-13
1.995262e-02  8.878833e-14
2.511886e-02  4.992962e-14
3.162278e-02  2.807309e-14
3.981072e-02  1.579056e-14
5.011872e-02  8.877481e-15
6.309573e-02  4.994491e-15
7.943282e-02  2.809504e-15
1.000000e-01  1.581192e-15
1.258925e-01  8.882123e-16
1.584893e-01  4.988236e-16
1.995262e-01  2.804755e-16
2.511886e-01  1.575708e-16
3.162278e-01  8.897015e-17
3.981072e-01  5.033153e-17
5.011872e-01  2.821998e-17
6.309573e-01  1.579738e-17
7.943282e-01  9.037030e-18
1.000000e+00  4.870862e-18
1.258925e+00  2.758744e-18
1.584893e+00  1.504338e-18
1.995262e+00  8.392443e-19
2.511886e+00  5.162528e-19
3.162278e+00  2.811820e-19
3.981072e+00  1.856597e-19
5.011872e+00  9.882964e-20
6.309573e+00  3.625478e-20
7.943282e+00  2.918233e-20
1.000000e+01  1.950615e-20
1.258925e+01  9.624592e-21
1.584893e+01  8.025144e-21
1.995262e+01  2.441285e-21
2.511886e+01  -1.260688e-21
3.162278e+01  3.769625e-22
3.981072e+01  5.504147e-22
5.011872e+01  -4.138669e-22
6.309573e+01  -2.057169e-22
7.943282e+01  1.592270e-24
1.000000e+02  -2.542218e-22
