I0=1.000000e+00 a=1.000000e+01
每层厚度分别为：4.000000e+01	4.000000e+01	1.000000e+20	
每层电导率分别为：1.000000e-02	1.000000e-02	1.000000e-02	
正演数据：
1.000000e-04  4.982480e-08
1.258925e-04  2.803148e-08
1.584893e-04  1.576907e-08
1.995262e-04  8.870186e-09
2.511886e-04  4.989213e-09
3.162278e-04  2.806148e-09
3.981072e-04  1.578223e-09
5.011872e-04  8.876109e-10
6.309573e-04  4.991912e-10
7.943282e-04  2.807335e-10
1.000000e-03  1.578736e-10
1.258925e-03  8.878827e-11
1.584893e-03  4.993289e-11
1.995262e-03  2.807760e-11
2.511886e-03  1.579045e-11
3.162278e-03  8.881370e-12
3.981072e-03  4.991749e-12
5.011872e-03  2.808033e-12
6.309573e-03  1.579077e-12
7.943282e-03  8.875266e-13
1.000000e-02  5.003059e-13
1.258925e-02  2.795031e-13
1.584893e-02  1.571085e-13
1.995262e-02  8.897867e-14
2.511886e-02  4.968082e-14
3.162278e-02  2.807714e-14
3.981072e-02  1.571907e-14
5.011872e-02  9.004846e-15
6.309573e-02  4.915147e-15
7.943282e-02  2.844298e-15
1.000000e-01  1.606176e-15
1.258925e-01  8.829362e-16
1.584893e-01  4.254094e-16
1.995262e-01  2.234168e-16
2.511886e-01  1.520638e-16
3.162278e-01  9.743525e-17
3.981072e-01  3.492929e-17
5.011872e-01  1.757250e-17
6.309573e-01  1.747899e-17
7.943282e-01  6.925659e-18
1.000000e+00  7.518627e-18
1.258925e+00  1.793453e-18
1.584893e+00  3.552701e-18
1.995262e+00  1.094676e-18
2.511886e+00  2.875715e-18
3.162278e+00  -6.375676e-19
3.981072e+00  3.879283e-18
5.011872e+00  8.481243e-20
6.309573e+00  -1.707127e-18
7.943282e+00  4.072083e-20
1.000000e+01  -4.186252e-20
1.258925e+01  -2.282196e-19
1.584893e+01  1.293080e-19
1.995262e+01  -1.461472e-19
2.511886e+01  -2.008383e-20
3.162278e+01  -1.271611e-19
3.981072e+01  3.652996e-20
5.011872e+01  -1.941773e-20
6.309573e+01  -1.365224e-20
7.943282e+01  -1.406796e-20
1.000000e+02  -1.614831e-20
