I0=1.000000e+00 a=1.000000e+01
每层厚度分别为：4.000000e+01	4.000000e+01	1.000000e+20	
每层电导率分别为：1.000000e-02	1.000000e-02	1.000000e-02	
正演数据：
1.000000e-04  4.982484e-08
1.258925e-04  2.803149e-08
1.584893e-04  1.576904e-08
1.995262e-04  8.870166e-09
2.511886e-04  4.989205e-09
3.162278e-04  2.806158e-09
3.981072e-04  1.578252e-09
5.011872e-04  8.876191e-10
6.309573e-04  4.991871e-10
7.943282e-04  2.807366e-10
1.000000e-03  1.578804e-10
1.258925e-03  8.878545e-11
1.584893e-03  4.993039e-11
1.995262e-03  2.807746e-11
2.511886e-03  1.579045e-11
3.162278e-03  8.879733e-12
3.981072e-03  4.993719e-12
5.011872e-03  2.808284e-12
6.309573e-03  1.579070e-12
7.943282e-03  8.879835e-13
1.000000e-02  4.994169e-13
1.258925e-02  2.807359e-13
1.584893e-02  1.579043e-13
1.995262e-02  8.884087e-14
2.511886e-02  5.000956e-14
3.162278e-02  2.812560e-14
3.981072e-02  1.577083e-14
5.011872e-02  8.868143e-15
6.309573e-02  4.986071e-15
7.943282e-02  2.815682e-15
1.000000e-01  1.593156e-15
1.258925e-01  8.908417e-16
1.584893e-01  4.909294e-16
1.995262e-01  2.774687e-16
2.511886e-01  1.571005e-16
3.162278e-01  9.326497e-17
3.981072e-01  5.145921e-17
5.011872e-01  2.755428e-17
6.309573e-01  1.460023e-17
7.943282e-01  7.844170e-18
1.000000e+00  3.765621e-18
1.258925e+00  3.232178e-18
1.584893e+00  1.575564e-18
1.995262e+00  4.821063e-19
2.511886e+00  3.333146e-19
3.162278e+00  2.517937e-19
3.981072e+00  8.179328e-19
5.011872e+00  1.895286e-19
6.309573e+00  -5.127262e-20
7.943282e+00  -2.776521e-21
1.000000e+01  -2.047766e-20
1.258925e+01  -5.292646e-20
1.584893e+01  8.511441e-21
1.995262e+01  8.486259e-21
2.511886e+01  -1.785923e-20
3.162278e+01  -2.520937e-20
3.981072e+01  -1.150222e-20
5.011872e+01  -4.568466e-21
6.309573e+01  4.275955e-21
7.943282e+01  7.084110e-21
1.000000e+02  -1.328025e-22
