I0=1.000000e+00 a=1.000000e+01
每层厚度分别为：4.000000e+01	4.000000e+01	1.000000e+20	
每层电导率分别为：1.000000e-02	1.000000e-02	1.000000e-02	
正演数据：
1.000000e-04  -3.696885e-07
1.258925e-04  -2.126016e-07
1.584893e-04  -1.219508e-07
1.995262e-04  -6.979474e-08
2.511886e-04  -3.986542e-08
3.162278e-04  -2.273038e-08
3.981072e-04  -1.294025e-08
5.011872e-04  -7.356672e-09
6.309573e-04  -4.177263e-09
7.943282e-04  -2.369376e-09
1.000000e-03  -1.342644e-09
1.258925e-03  -7.601855e-10
1.584893e-03  -4.300820e-10
1.995262e-03  -2.431604e-10
2.511886e-03  -1.373967e-10
3.162278e-03  -7.759447e-11
3.981072e-03  -4.380075e-11
5.011872e-03  -2.471446e-11
6.309573e-03  -1.393990e-11
7.943282e-03  -7.860041e-12
1.000000e-02  -4.430599e-12
1.258925e-02  -2.496817e-12
1.584893e-02  -1.406727e-12
1.995262e-02  -7.923974e-13
2.511886e-02  -4.462685e-13
3.162278e-02  -2.512917e-13
3.981072e-02  -1.414805e-13
5.011872e-02  -7.964498e-14
6.309573e-02  -4.483012e-14
7.943282e-02  -2.523112e-14
1.000000e-01  -1.419918e-14
1.258925e-01  -7.990142e-15
1.584893e-01  -4.495871e-15
1.995262e-01  -2.529561e-15
2.511886e-01  -1.423151e-15
3.162278e-01  -8.006355e-16
3.981072e-01  -4.503997e-16
5.011872e-01  -2.533633e-16
6.309573e-01  -1.425195e-16
7.943282e-01  -8.016574e-17
1.000000e+00  -4.509156e-17
1.258925e+00  -2.536193e-17
1.584893e+00  -1.426489e-17
1.995262e+00  -8.023051e-18
2.511886e+00  -4.512369e-18
3.162278e+00  -2.537813e-18
3.981072e+00  -1.427243e-18
5.011872e+00  -8.027024e-19
6.309573e+00  -4.514444e-19
7.943282e+00  -2.539054e-19
1.000000e+01  -1.427799e-19
1.258925e+01  -8.029572e-20
1.584893e+01  -4.515750e-20
1.995262e+01  -2.539632e-20
2.511886e+01  -1.428269e-20
3.162278e+01  -8.031749e-21
3.981072e+01  -4.516147e-21
5.011872e+01  -2.540218e-21
6.309573e+01  -1.428693e-21
7.943282e+01  -8.031583e-22
1.000000e+02  -4.517085e-22
