I0=1.000000e+00 a=1.000000e+01
每层厚度分别为：4.000000e+01	4.000000e+01	1.000000e+20	
每层电导率分别为：1.000000e-02	1.000000e-02	1.000000e-02	
正演数据：
1.000000e-04  4.982449e-08
1.258925e-04  2.803151e-08
1.584893e-04  1.576889e-08
1.995262e-04  8.870143e-09
2.511886e-04  4.989343e-09
3.162278e-04  2.806166e-09
3.981072e-04  1.578252e-09
5.011872e-04  8.876639e-10
6.309573e-04  4.991781e-10
7.943282e-04  2.807775e-10
1.000000e-03  1.578696e-10
1.258925e-03  8.880210e-11
1.584893e-03  4.990821e-11
1.995262e-03  2.806212e-11
2.511886e-03  1.577749e-11
3.162278e-03  8.881194e-12
3.981072e-03  5.005927e-12
5.011872e-03  2.811566e-12
6.309573e-03  1.580560e-12
7.943282e-03  8.848676e-13
1.000000e-02  4.946211e-13
1.258925e-02  2.816678e-13
1.584893e-02  1.573210e-13
1.995262e-02  8.717721e-14
2.511886e-02  4.775923e-14
3.162278e-02  2.744714e-14
3.981072e-02  1.465413e-14
5.011872e-02  9.007170e-15
6.309573e-02  4.895275e-15
7.943282e-02  3.039123e-15
1.000000e-01  2.485648e-15
1.258925e-01  9.540878e-16
1.584893e-01  4.367744e-16
1.995262e-01  3.225267e-17
2.511886e-01  -4.495611e-17
3.162278e-01  8.485668e-17
3.981072e-01  2.382199e-17
5.011872e-01  6.357396e-17
6.309573e-01  6.421286e-17
7.943282e-01  4.036981e-17
1.000000e+00  -1.617357e-17
1.258925e+00  5.511234e-17
1.584893e+00  -1.276676e-17
1.995262e+00  -7.912057e-18
2.511886e+00  1.065786e-17
3.162278e+00  -1.089320e-18
3.981072e+00  2.309219e-17
5.011872e+00  -6.281094e-18
6.309573e+00  3.213652e-18
7.943282e+00  -6.251901e-18
1.000000e+01  4.637381e-19
1.258925e+01  -8.844874e-19
1.584893e+01  1.058882e-18
1.995262e+01  4.837081e-19
2.511886e+01  -4.081893e-19
3.162278e+01  -3.933262e-19
3.981072e+01  1.436437e-21
5.011872e+01  -2.371788e-20
6.309573e+01  -1.841567e-19
7.943282e+01  1.372020e-19
1.000000e+02  4.125345e-20
