I0=1.000000e+00 a=1.000000e+01
每层厚度分别为：4.000000e+01	4.000000e+01	1.000000e+20	
每层电导率分别为：1.000000e-02	1.000000e-02	1.000000e-02	
正演数据：
1.000000e-04  4.779217e-08
1.258925e-04  2.688379e-08
1.584893e-04  1.512160e-08
1.995262e-04  8.505178e-09
2.511886e-04  4.783567e-09
3.162278e-04  2.690335e-09
3.981072e-04  1.513039e-09
5.011872e-04  8.509121e-10
6.309573e-04  4.785335e-10
7.943282e-04  2.691128e-10
1.000000e-03  1.513393e-10
1.258925e-03  8.510708e-11
1.584893e-03  4.786045e-11
1.995262e-03  2.691445e-11
2.511886e-03  1.513536e-11
3.162278e-03  8.511345e-12
3.981072e-03  4.786329e-12
5.011872e-03  2.691572e-12
6.309573e-03  1.513592e-12
7.943282e-03  8.511597e-13
1.000000e-02  4.786443e-13
1.258925e-02  2.691626e-13
1.584893e-02  1.513615e-13
1.995262e-02  8.511690e-14
2.511886e-02  4.786479e-14
3.162278e-02  2.691627e-14
3.981072e-02  1.513619e-14
5.011872e-02  8.511710e-15
6.309573e-02  4.786498e-15
7.943282e-02  2.691634e-15
1.000000e-01  1.513720e-15
1.258925e-01  8.511939e-16
1.584893e-01  4.786246e-16
1.995262e-01  2.691623e-16
2.511886e-01  1.513434e-16
3.162278e-01  8.511230e-17
3.981072e-01  4.787461e-17
5.011872e-01  2.692841e-17
6.309573e-01  1.514423e-17
7.943282e-01  8.519411e-18
1.000000e+00  4.784162e-18
1.258925e+00  2.692547e-18
1.584893e+00  1.515343e-18
1.995262e+00  8.516478e-19
2.511886e+00  4.782429e-19
3.162278e+00  2.688215e-19
3.981072e+00  1.538099e-19
5.011872e+00  8.463644e-20
6.309573e+00  4.758775e-20
7.943282e+00  2.660048e-20
1.000000e+01  1.512740e-20
1.258925e+01  8.551365e-21
1.584893e+01  4.767926e-21
1.995262e+01  2.741025e-21
2.511886e+01  1.495298e-21
3.162278e+01  8.992648e-22
3.981072e+01  4.515321e-22
5.011872e+01  2.544153e-22
6.309573e+01  1.736181e-22
7.943282e+01  1.008087e-22
1.000000e+02  5.353999e-23
