I0=1.000000e+00 a=1.000000e+01
每层厚度分别为：4.000000e+01	4.000000e+01	1.000000e+20	
每层电导率分别为：1.000000e-02	1.000000e-02	1.000000e-02	
正演数据：
1.000000e-04  4.982450e-08
1.258925e-04  2.803131e-08
1.584893e-04  1.576894e-08
1.995262e-04  8.870112e-09
2.511886e-04  4.989183e-09
3.162278e-04  2.806137e-09
3.981072e-04  1.578239e-09
5.011872e-04  8.876116e-10
6.309573e-04  4.991861e-10
7.943282e-04  2.807330e-10
1.000000e-03  1.578775e-10
1.258925e-03  8.878552e-11
1.584893e-03  4.992964e-11
1.995262e-03  2.807805e-11
2.511886e-03  1.579026e-11
3.162278e-03  8.879269e-12
3.981072e-03  4.993375e-12
5.011872e-03  2.807971e-12
6.309573e-03  1.579147e-12
7.943282e-03  8.879149e-13
1.000000e-02  4.992656e-13
1.258925e-02  2.807875e-13
1.584893e-02  1.579346e-13
1.995262e-02  8.880705e-14
2.511886e-02  4.993526e-14
3.162278e-02  2.808077e-14
3.981072e-02  1.579358e-14
5.011872e-02  8.870799e-15
6.309573e-02  5.001903e-15
7.943282e-02  2.805861e-15
1.000000e-01  1.589497e-15
1.258925e-01  8.871078e-16
1.584893e-01  4.940861e-16
1.995262e-01  2.808080e-16
2.511886e-01  1.547396e-16
3.162278e-01  8.798109e-17
3.981072e-01  5.067612e-17
5.011872e-01  2.871759e-17
6.309573e-01  1.623617e-17
7.943282e-01  9.508644e-18
1.000000e+00  4.839238e-18
1.258925e+00  2.825152e-18
1.584893e+00  1.590856e-18
1.995262e+00  1.012272e-18
2.511886e+00  3.710564e-19
3.162278e+00  3.118199e-19
3.981072e+00  4.911444e-19
5.011872e+00  -2.510331e-20
6.309573e+00  5.167082e-20
7.943282e+00  2.651401e-20
1.000000e+01  2.946681e-20
1.258925e+01  -2.048745e-20
1.584893e+01  -1.189713e-20
1.995262e+01  -2.465995e-21
2.511886e+01  -1.164696e-20
3.162278e+01  -1.157381e-21
3.981072e+01  2.898111e-21
5.011872e+01  4.465739e-23
6.309573e+01  1.480255e-21
7.943282e+01  -4.328158e-22
1.000000e+02  2.932922e-21
