I0=1.000000e+00 a=1.000000e+01
每层厚度分别为：4.000000e+01	4.000000e+01	1.000000e+20	
每层电导率分别为：1.000000e-02	1.000000e-02	1.000000e-02	
正演数据：
1.000000e-04  6.068645e-08
1.258925e-04  3.420830e-08
1.584893e-04  1.927363e-08
1.995262e-04  1.085497e-08
2.511886e-04  6.111665e-09
3.162278e-04  3.440194e-09
3.981072e-04  1.936067e-09
5.011872e-04  1.089404e-09
6.309573e-04  6.129190e-10
7.943282e-04  3.448048e-10
1.000000e-03  1.939585e-10
1.258925e-03  1.090979e-10
1.584893e-03  6.136236e-11
1.995262e-03  3.451200e-11
2.511886e-03  1.940994e-11
3.162278e-03  1.091609e-11
3.981072e-03  6.139053e-12
5.011872e-03  3.452459e-12
6.309573e-03  1.941557e-12
7.943282e-03  1.091861e-12
1.000000e-02  6.140175e-13
1.258925e-02  3.452962e-13
1.584893e-02  1.941780e-13
1.995262e-02  1.091961e-13
2.511886e-02  6.140612e-14
3.162278e-02  3.453160e-14
3.981072e-02  1.941872e-14
5.011872e-02  1.091997e-14
6.309573e-02  6.140826e-15
7.943282e-02  3.453218e-15
1.000000e-01  1.941920e-15
1.258925e-01  1.092020e-15
1.584893e-01  6.140883e-16
1.995262e-01  3.453166e-16
2.511886e-01  1.941888e-16
3.162278e-01  1.091945e-16
3.981072e-01  6.140960e-17
5.011872e-01  3.453342e-17
6.309573e-01  1.942174e-17
7.943282e-01  1.092294e-17
1.000000e+00  6.140338e-18
1.258925e+00  3.452457e-18
1.584893e+00  1.942898e-18
1.995262e+00  1.092957e-18
2.511886e+00  6.141537e-19
3.162278e+00  3.453095e-19
3.981072e+00  1.947079e-19
5.011872e+00  1.092466e-19
6.309573e+00  6.129058e-20
7.943282e+00  3.449241e-20
1.000000e+01  1.931189e-20
1.258925e+01  1.087253e-20
1.584893e+01  6.133753e-21
1.995262e+01  3.454087e-21
2.511886e+01  1.936153e-21
3.162278e+01  1.091587e-21
3.981072e+01  6.119101e-22
5.011872e+01  3.405665e-22
6.309573e+01  1.934765e-22
7.943282e+01  1.121069e-22
1.000000e+02  6.332661e-23
