I0=1.000000e+00 a=1.000000e+01
每层厚度分别为：4.000000e+01	4.000000e+01	1.000000e+20	
每层电导率分别为：1.000000e-02	1.000000e-02	1.000000e-02	
正演数据：
1.000000e-04  -2.269116e-08
1.258925e-04  -1.500647e-08
1.584893e-04  -9.598461e-09
1.995262e-04  -5.994152e-09
2.511886e-04  -3.676645e-09
3.162278e-04  -2.223946e-09
3.981072e-04  -1.330410e-09
5.011872e-04  -7.887645e-10
6.309573e-04  -4.641955e-10
7.943282e-04  -2.715078e-10
1.000000e-03  -1.579850e-10
1.258925e-03  -9.152575e-11
1.584893e-03  -5.282542e-11
1.995262e-03  -3.039098e-11
2.511886e-03  -1.743574e-11
3.162278e-03  -9.979086e-12
3.981072e-03  -5.699441e-12
5.011872e-03  -3.249235e-12
6.309573e-03  -1.849425e-12
7.943282e-03  -1.051198e-12
1.000000e-02  -5.967589e-13
1.258925e-02  -3.384104e-13
1.584893e-02  -1.917233e-13
1.995262e-02  -1.085278e-13
2.511886e-02  -6.138818e-14
3.162278e-02  -3.470111e-14
3.981072e-02  -1.960425e-14
5.011872e-02  -1.106964e-14
6.309573e-02  -6.247660e-15
7.943282e-02  -3.524748e-15
1.000000e-01  -1.987833e-15
1.258925e-01  -1.120721e-15
1.584893e-01  -6.316704e-16
1.995262e-01  -3.559372e-16
2.511886e-01  -2.005223e-16
3.162278e-01  -1.129448e-16
3.981072e-01  -6.360142e-17
5.011872e-01  -3.581246e-17
6.309573e-01  -2.016184e-17
7.943282e-01  -1.134852e-17
1.000000e+00  -6.388177e-18
1.258925e+00  -3.594630e-18
1.584893e+00  -2.022925e-18
1.995262e+00  -1.138586e-18
2.511886e+00  -6.406427e-19
3.162278e+00  -3.604026e-19
3.981072e+00  -2.025882e-19
5.011872e+00  -1.140032e-19
6.309573e+00  -6.418247e-20
7.943282e+00  -3.615345e-20
1.000000e+01  -2.031650e-20
1.258925e+01  -1.140966e-20
1.584893e+01  -6.421871e-21
1.995262e+01  -3.612690e-21
2.511886e+01  -2.038249e-21
3.162278e+01  -1.140687e-21
3.981072e+01  -6.417534e-22
5.011872e+01  -3.599632e-22
6.309573e+01  -2.038226e-22
7.943282e+01  -1.140066e-22
1.000000e+02  -6.374518e-23
