I0=1.000000e+00 a=1.000000e+01
每层厚度分别为：4.000000e+01	4.000000e+01	1.000000e+20	
每层电导率分别为：1.000000e-02	1.000000e-02	1.000000e-02	
正演数据：
1.000000e-04  4.984724e-08
1.258925e-04  2.804410e-08
1.584893e-04  1.577614e-08
1.995262e-04  8.874156e-09
2.511886e-04  4.991459e-09
3.162278e-04  2.807419e-09
3.981072e-04  1.578958e-09
5.011872e-04  8.880163e-10
6.309573e-04  4.994143e-10
7.943282e-04  2.808618e-10
1.000000e-03  1.579494e-10
1.258925e-03  8.882560e-11
1.584893e-03  4.995213e-11
1.995262e-03  2.809098e-11
2.511886e-03  1.579709e-11
3.162278e-03  8.883495e-12
3.981072e-03  4.995646e-12
5.011872e-03  2.809280e-12
6.309573e-03  1.579798e-12
7.943282e-03  8.883960e-13
1.000000e-02  4.995706e-13
1.258925e-02  2.809313e-13
1.584893e-02  1.579850e-13
1.995262e-02  8.883648e-14
2.511886e-02  4.995698e-14
3.162278e-02  2.809258e-14
3.981072e-02  1.579781e-14
5.011872e-02  8.884683e-15
6.309573e-02  4.996681e-15
7.943282e-02  2.808629e-15
1.000000e-01  1.580131e-15
1.258925e-01  8.879282e-16
1.584893e-01  4.995968e-16
1.995262e-01  2.808028e-16
2.511886e-01  1.576552e-16
3.162278e-01  8.860914e-17
3.981072e-01  5.000154e-17
5.011872e-01  2.827079e-17
6.309573e-01  1.584691e-17
7.943282e-01  8.880086e-18
1.000000e+00  4.945522e-18
1.258925e+00  2.789627e-18
1.584893e+00  1.593618e-18
1.995262e+00  8.685600e-19
2.511886e+00  5.053525e-19
3.162278e+00  2.740214e-19
3.981072e+00  1.781428e-19
5.011872e+00  9.187709e-20
6.309573e+00  4.126687e-20
7.943282e+00  2.099133e-20
1.000000e+01  1.632030e-20
1.258925e+01  9.939598e-21
1.584893e+01  7.146147e-21
1.995262e+01  2.255990e-21
2.511886e+01  7.695011e-22
3.162278e+01  2.571184e-22
3.981072e+01  -2.200887e-22
5.011872e+01  2.125985e-22
6.309573e+01  4.203215e-22
7.943282e+01  2.398271e-22
1.000000e+02  3.346250e-22
