I0=1.000000e+00 a=1.000000e+01
每层厚度分别为：4.000000e+01	4.000000e+01	1.000000e+20	
每层电导率分别为：1.000000e-02	1.000000e-02	1.000000e-02	
正演数据：
1.000000e-04  4.982479e-08
1.258925e-04  2.803144e-08
1.584893e-04  1.576900e-08
1.995262e-04  8.870158e-09
2.511886e-04  4.989207e-09
3.162278e-04  2.806160e-09
3.981072e-04  1.578237e-09
5.011872e-04  8.876154e-10
6.309573e-04  4.991930e-10
7.943282e-04  2.807300e-10
1.000000e-03  1.578760e-10
1.258925e-03  8.878478e-11
1.584893e-03  4.993174e-11
1.995262e-03  2.807879e-11
2.511886e-03  1.578795e-11
3.162278e-03  8.879335e-12
3.981072e-03  4.993810e-12
5.011872e-03  2.808379e-12
6.309573e-03  1.579429e-12
7.943282e-03  8.883059e-13
1.000000e-02  4.993226e-13
1.258925e-02  2.809911e-13
1.584893e-02  1.581845e-13
1.995262e-02  8.876640e-14
2.511886e-02  4.993943e-14
3.162278e-02  2.802991e-14
3.981072e-02  1.577663e-14
5.011872e-02  8.810128e-15
6.309573e-02  4.942188e-15
7.943282e-02  2.790910e-15
1.000000e-01  1.593313e-15
1.258925e-01  8.950889e-16
1.584893e-01  4.687944e-16
1.995262e-01  2.797908e-16
2.511886e-01  1.435355e-16
3.162278e-01  8.835602e-17
3.981072e-01  5.944906e-17
5.011872e-01  3.238374e-17
6.309573e-01  2.074207e-17
7.943282e-01  9.762342e-18
1.000000e+00  1.647733e-18
1.258925e+00  4.302580e-18
1.584893e+00  1.646425e-18
1.995262e+00  8.199544e-19
2.511886e+00  7.622508e-19
3.162278e+00  -2.665040e-19
3.981072e+00  1.577875e-18
5.011872e+00  8.595800e-20
6.309573e+00  -2.771642e-19
7.943282e+00  -4.065074e-20
1.000000e+01  3.176634e-19
1.258925e+01  -2.116692e-19
1.584893e+01  -2.103717e-20
1.995262e+01  -9.317804e-20
2.511886e+01  -2.875571e-20
3.162278e+01  -2.643161e-20
3.981072e+01  -2.419685e-20
5.011872e+01  -1.926696e-21
6.309573e+01  1.939151e-20
7.943282e+01  7.774508e-21
1.000000e+02  -1.537736e-20
