I0=1.000000e+00 a=1.000000e+01
每层厚度分别为：4.000000e+01	4.000000e+01	1.000000e+20	
每层电导率分别为：1.000000e-02	1.000000e-02	1.000000e-02	
正演数据：
1.000000e-04  5.026146e-08
1.258925e-04  2.827753e-08
1.584893e-04  1.590762e-08
1.995262e-04  8.948194e-09
2.511886e-04  5.033136e-09
3.162278e-04  2.830875e-09
3.981072e-04  1.592157e-09
5.011872e-04  8.954422e-10
6.309573e-04  5.035918e-10
7.943282e-04  2.832118e-10
1.000000e-03  1.592712e-10
1.258925e-03  8.956902e-11
1.584893e-03  5.037025e-11
1.995262e-03  2.832613e-11
2.511886e-03  1.592933e-11
3.162278e-03  8.957888e-12
3.981072e-03  5.037467e-12
5.011872e-03  2.832809e-12
6.309573e-03  1.593021e-12
7.943282e-03  8.958276e-13
1.000000e-02  5.037641e-13
1.258925e-02  2.832891e-13
1.584893e-02  1.593061e-13
1.995262e-02  8.958425e-14
2.511886e-02  5.037695e-14
3.162278e-02  2.832858e-14
3.981072e-02  1.593068e-14
5.011872e-02  8.958672e-15
6.309573e-02  5.037886e-15
7.943282e-02  2.832932e-15
1.000000e-01  1.593165e-15
1.258925e-01  8.958119e-16
1.584893e-01  5.036860e-16
1.995262e-01  2.832912e-16
2.511886e-01  1.592340e-16
3.162278e-01  8.957453e-17
3.981072e-01  5.036979e-17
5.011872e-01  2.832881e-17
6.309573e-01  1.593982e-17
7.943282e-01  8.976456e-18
1.000000e+00  5.038879e-18
1.258925e+00  2.830836e-18
1.584893e+00  1.598038e-18
1.995262e+00  8.951601e-19
2.511886e+00  5.051414e-19
3.162278e+00  2.847037e-19
3.981072e+00  1.619697e-19
5.011872e+00  8.938262e-20
6.309573e+00  5.053469e-20
7.943282e+00  2.852712e-20
1.000000e+01  1.549868e-20
1.258925e+01  8.866077e-21
1.584893e+01  5.195146e-21
1.995262e+01  2.835409e-21
2.511886e+01  1.437046e-21
3.162278e+01  8.615143e-22
3.981072e+01  5.118142e-22
5.011872e+01  2.939969e-22
6.309573e+01  1.613662e-22
7.943282e+01  9.776540e-23
1.000000e+02  5.729477e-23
