I0=1.000000e+00 a=1.000000e+01
每层厚度分别为：4.000000e+01	4.000000e+01	1.000000e+20	
每层电导率分别为：1.000000e-02	1.000000e-02	1.000000e-02	
正演数据：
1.000000e-04  4.982594e-08
1.258925e-04  2.803211e-08
1.584893e-04  1.576940e-08
1.995262e-04  8.870365e-09
2.511886e-04  4.989327e-09
3.162278e-04  2.806220e-09
3.981072e-04  1.578283e-09
5.011872e-04  8.876373e-10
6.309573e-04  4.992005e-10
7.943282e-04  2.807422e-10
1.000000e-03  1.578821e-10
1.258925e-03  8.878742e-11
1.584893e-03  4.993068e-11
1.995262e-03  2.807907e-11
2.511886e-03  1.579043e-11
3.162278e-03  8.879620e-12
3.981072e-03  4.993537e-12
5.011872e-03  2.808047e-12
6.309573e-03  1.579124e-12
7.943282e-03  8.880286e-13
1.000000e-02  4.993468e-13
1.258925e-02  2.808430e-13
1.584893e-02  1.579204e-13
1.995262e-02  8.880530e-14
2.511886e-02  4.993146e-14
3.162278e-02  2.807291e-14
3.981072e-02  1.579012e-14
5.011872e-02  8.883207e-15
6.309573e-02  4.994847e-15
7.943282e-02  2.810288e-15
1.000000e-01  1.580196e-15
1.258925e-01  8.863897e-16
1.584893e-01  4.974509e-16
1.995262e-01  2.820733e-16
2.511886e-01  1.570217e-16
3.162278e-01  8.941674e-17
3.981072e-01  5.008799e-17
5.011872e-01  2.806741e-17
6.309573e-01  1.577597e-17
7.943282e-01  8.700374e-18
1.000000e+00  4.772572e-18
1.258925e+00  2.498155e-18
1.584893e+00  1.471898e-18
1.995262e+00  6.341296e-19
2.511886e+00  5.304542e-19
3.162278e+00  2.397270e-19
3.981072e+00  3.247308e-19
5.011872e+00  1.085644e-19
6.309573e+00  3.911636e-20
7.943282e+00  3.109696e-20
1.000000e+01  2.028175e-20
1.258925e+01  1.512554e-20
1.584893e+01  1.322782e-20
1.995262e+01  5.764892e-21
2.511886e+01  -1.483466e-21
3.162278e+01  9.478570e-23
3.981072e+01  -4.363453e-23
5.011872e+01  7.897075e-22
6.309573e+01  1.192223e-21
7.943282e+01  3.762767e-22
1.000000e+02  8.600457e-23
