I0=1.000000e+00 a=1.000000e+01
每层厚度分别为：4.000000e+01	4.000000e+01	1.000000e+20	
每层电导率分别为：1.000000e-02	1.000000e-02	1.000000e-02	
正演数据：
1.000000e-04  4.982481e-08
1.258925e-04  2.803141e-08
1.584893e-04  1.576910e-08
1.995262e-04  8.870300e-09
2.511886e-04  4.989166e-09
3.162278e-04  2.806084e-09
3.981072e-04  1.578226e-09
5.011872e-04  8.875827e-10
6.309573e-04  4.991978e-10
7.943282e-04  2.807354e-10
1.000000e-03  1.578808e-10
1.258925e-03  8.877897e-11
1.584893e-03  4.991837e-11
1.995262e-03  2.808120e-11
2.511886e-03  1.578982e-11
3.162278e-03  8.881590e-12
3.981072e-03  4.990294e-12
5.011872e-03  2.811414e-12
6.309573e-03  1.581876e-12
7.943282e-03  8.896477e-13
1.000000e-02  4.999625e-13
1.258925e-02  2.810266e-13
1.584893e-02  1.570018e-13
1.995262e-02  8.928005e-14
2.511886e-02  4.919875e-14
3.162278e-02  2.786783e-14
3.981072e-02  1.558550e-14
5.011872e-02  8.540106e-15
6.309573e-02  5.011832e-15
7.943282e-02  2.637032e-15
1.000000e-01  1.855841e-15
1.258925e-01  8.602705e-16
1.584893e-01  5.192451e-16
1.995262e-01  1.784784e-16
2.511886e-01  1.236900e-16
3.162278e-01  1.119657e-16
3.981072e-01  6.716612e-17
5.011872e-01  5.407605e-17
6.309573e-01  2.945318e-17
7.943282e-01  -4.097608e-19
1.000000e+00  -1.315149e-17
1.258925e+00  2.109942e-17
1.584893e+00  6.314237e-18
1.995262e+00  -4.008118e-18
2.511886e+00  -6.009178e-18
3.162278e+00  -2.345431e-18
3.981072e+00  8.701497e-18
5.011872e+00  -1.650958e-18
6.309573e+00  1.743802e-20
7.943282e+00  5.184986e-19
1.000000e+01  3.460620e-20
1.258925e+01  -1.008087e-18
1.584893e+01  1.608604e-18
1.995262e+01  1.270215e-19
2.511886e+01  2.288469e-19
3.162278e+01  6.653166e-20
3.981072e+01  -2.519694e-20
5.011872e+01  9.027707e-21
6.309573e+01  -1.160000e-19
7.943282e+01  1.439008e-19
1.000000e+02  2.266979e-21
