I0=1.000000e+00 a=1.000000e+03
每层厚度分别为：4.000000e+01	4.000000e+01	1.000000e+20	
每层电导率分别为：1.000000e-02	1.000000e-02	1.000000e-02	
正演数据：
1.000000e-04  3.000023e-07
1.258925e-04  3.000009e-07
1.584893e-04  2.999969e-07
1.995262e-04  2.999988e-07
2.511886e-04  2.999597e-07
3.162278e-04  2.996018e-07
3.981072e-04  2.977526e-07
5.011872e-04  2.915613e-07
6.309573e-04  2.770706e-07
7.943282e-04  2.516214e-07
1.000000e-03  2.161110e-07
1.258925e-03  1.749028e-07
1.584893e-03  1.336351e-07
1.995262e-03  9.689442e-08
2.511886e-03  6.711386e-08
3.162278e-03  4.471431e-08
3.981072e-03  2.884045e-08
5.011872e-03  1.811191e-08
6.309573e-03  1.112927e-08
7.943282e-03  6.718960e-09
1.000000e-02  3.999004e-09
1.258925e-02  2.353041e-09
1.584893e-02  1.371894e-09
1.995262e-02  7.940035e-10
2.511886e-02  4.568514e-10
3.162278e-02  2.616373e-10
3.981072e-02  1.492786e-10
5.011872e-02  8.491937e-11
6.309573e-02  4.819420e-11
7.943282e-02  2.729960e-11
1.000000e-01  1.544051e-11
1.258925e-01  8.722815e-12
1.584893e-01  4.922987e-12
1.995262e-01  2.776700e-12
2.511886e-01  1.564642e-12
3.162278e-01  8.815247e-13
3.981072e-01  4.963753e-13
5.011872e-01  2.794330e-13
6.309573e-01  1.572323e-13
7.943282e-01  8.846634e-14
1.000000e+00  4.977127e-14
1.258925e+00  2.796989e-14
1.584893e+00  1.573117e-14
1.995262e+00  8.819861e-15
2.511886e+00  4.963685e-15
3.162278e+00  2.792157e-15
3.981072e+00  1.541644e-15
5.011872e+00  8.787732e-16
6.309573e+00  4.898732e-16
7.943282e+00  2.654617e-16
1.000000e+01  1.500509e-16
1.258925e+01  8.600966e-17
1.584893e+01  4.292844e-17
1.995262e+01  2.355978e-17
2.511886e+01  1.134002e-17
3.162278e+01  6.207953e-18
3.981072e+01  3.835403e-18
5.011872e+01  7.769079e-19
6.309573e+01  2.250937e-19
7.943282e+01  -2.971010e-19
1.000000e+02  -2.994816e-19
