I0=1.000000e+00 a=1.000000e+03
每层厚度分别为：4.000000e+01	4.000000e+01	1.000000e+20	
每层电导率分别为：1.000000e-02	1.000000e-02	1.000000e-02	
正演数据：
1.000000e-04  3.000024e-07
1.258925e-04  3.000008e-07
1.584893e-04  2.999975e-07
1.995262e-04  2.999989e-07
2.511886e-04  2.999595e-07
3.162278e-04  2.996018e-07
3.981072e-04  2.977525e-07
5.011872e-04  2.915613e-07
6.309573e-04  2.770708e-07
7.943282e-04  2.516213e-07
1.000000e-03  2.161109e-07
1.258925e-03  1.749028e-07
1.584893e-03  1.336351e-07
1.995262e-03  9.689441e-08
2.511886e-03  6.711387e-08
3.162278e-03  4.471432e-08
3.981072e-03  2.884044e-08
5.011872e-03  1.811190e-08
6.309573e-03  1.112928e-08
7.943282e-03  6.718966e-09
1.000000e-02  3.999005e-09
1.258925e-02  2.353040e-09
1.584893e-02  1.371893e-09
1.995262e-02  7.940035e-10
2.511886e-02  4.568533e-10
3.162278e-02  2.616371e-10
3.981072e-02  1.492799e-10
5.011872e-02  8.492061e-11
6.309573e-02  4.819452e-11
7.943282e-02  2.730013e-11
1.000000e-01  1.544127e-11
1.258925e-01  8.723327e-12
1.584893e-01  4.923441e-12
1.995262e-01  2.776710e-12
2.511886e-01  1.565075e-12
3.162278e-01  8.817006e-13
3.981072e-01  4.965553e-13
5.011872e-01  2.795537e-13
6.309573e-01  1.573418e-13
7.943282e-01  8.854381e-14
1.000000e+00  4.981525e-14
1.258925e+00  2.802851e-14
1.584893e+00  1.576566e-14
1.995262e+00  8.865992e-15
2.511886e+00  4.985683e-15
3.162278e+00  2.804810e-15
3.981072e+00  1.576747e-15
5.011872e+00  8.849286e-16
6.309573e+00  4.984348e-16
7.943282e+00  2.795532e-16
1.000000e+01  1.576348e-16
1.258925e+01  8.796787e-17
1.584893e+01  4.955162e-17
1.995262e+01  2.786156e-17
2.511886e+01  1.565876e-17
3.162278e+01  8.775594e-18
3.981072e+01  4.796932e-18
5.011872e+01  2.678892e-18
6.309573e+01  1.416894e-18
7.943282e+01  8.682386e-19
1.000000e+02  4.416719e-19
