I0=1.000000e+00 a=1.000000e+03
每层厚度分别为：4.000000e+01	4.000000e+01	1.000000e+20	
每层电导率分别为：1.000000e-02	1.000000e-02	1.000000e-02	
正演数据：
1.000000e-04  3.000025e-07
1.258925e-04  3.000026e-07
1.584893e-04  2.999966e-07
1.995262e-04  2.999989e-07
2.511886e-04  2.999598e-07
3.162278e-04  2.996023e-07
3.981072e-04  2.977526e-07
5.011872e-04  2.915618e-07
6.309573e-04  2.770706e-07
7.943282e-04  2.516210e-07
1.000000e-03  2.161110e-07
1.258925e-03  1.749027e-07
1.584893e-03  1.336351e-07
1.995262e-03  9.689425e-08
2.511886e-03  6.711384e-08
3.162278e-03  4.471438e-08
3.981072e-03  2.884046e-08
5.011872e-03  1.811188e-08
6.309573e-03  1.112927e-08
7.943282e-03  6.718989e-09
1.000000e-02  3.999005e-09
1.258925e-02  2.353051e-09
1.584893e-02  1.371906e-09
1.995262e-02  7.940106e-10
2.511886e-02  4.568587e-10
3.162278e-02  2.616492e-10
3.981072e-02  1.492870e-10
5.011872e-02  8.492534e-11
6.309573e-02  4.820108e-11
7.943282e-02  2.730297e-11
1.000000e-01  1.544359e-11
1.258925e-01  8.726280e-12
1.584893e-01  4.925600e-12
1.995262e-01  2.777474e-12
2.511886e-01  1.566837e-12
3.162278e-01  8.819505e-13
3.981072e-01  4.974409e-13
5.011872e-01  2.806418e-13
6.309573e-01  1.583556e-13
7.943282e-01  8.911623e-14
1.000000e+00  5.007414e-14
1.258925e+00  2.833223e-14
1.584893e+00  1.613571e-14
1.995262e+00  9.128362e-15
2.511886e+00  5.065999e-15
3.162278e+00  2.905376e-15
3.981072e+00  1.621524e-15
5.011872e+00  9.445622e-16
6.309573e+00  5.528479e-16
7.943282e+00  3.244085e-16
1.000000e+01  1.722505e-16
1.258925e+01  9.733854e-17
1.584893e+01  5.328780e-17
1.995262e+01  5.925824e-17
2.511886e+01  3.159499e-17
3.162278e+01  2.097015e-17
3.981072e+01  8.779756e-18
5.011872e+01  5.961639e-18
6.309573e+01  2.743062e-18
7.943282e+01  8.022836e-18
1.000000e+02  3.739424e-18
