I0=1.000000e+00 a=1.000000e+03
每层厚度分别为：4.000000e+01	4.000000e+01	1.000000e+20	
每层电导率分别为：1.000000e-02	1.000000e-02	1.000000e-02	
正演数据：
1.000000e-04  3.000023e-07
1.258925e-04  3.000008e-07
1.584893e-04  2.999974e-07
1.995262e-04  2.999989e-07
2.511886e-04  2.999595e-07
3.162278e-04  2.996018e-07
3.981072e-04  2.977525e-07
5.011872e-04  2.915613e-07
6.309573e-04  2.770708e-07
7.943282e-04  2.516214e-07
1.000000e-03  2.161109e-07
1.258925e-03  1.749028e-07
1.584893e-03  1.336351e-07
1.995262e-03  9.689440e-08
2.511886e-03  6.711387e-08
3.162278e-03  4.471432e-08
3.981072e-03  2.884044e-08
5.011872e-03  1.811190e-08
6.309573e-03  1.112928e-08
7.943282e-03  6.718966e-09
1.000000e-02  3.999006e-09
1.258925e-02  2.353040e-09
1.584893e-02  1.371893e-09
1.995262e-02  7.940037e-10
2.511886e-02  4.568541e-10
3.162278e-02  2.616369e-10
3.981072e-02  1.492802e-10
5.011872e-02  8.492088e-11
6.309573e-02  4.819467e-11
7.943282e-02  2.730042e-11
1.000000e-01  1.544132e-11
1.258925e-01  8.723416e-12
1.584893e-01  4.923498e-12
1.995262e-01  2.776756e-12
2.511886e-01  1.565091e-12
3.162278e-01  8.817564e-13
3.981072e-01  4.965471e-13
5.011872e-01  2.795754e-13
6.309573e-01  1.573588e-13
7.943282e-01  8.855004e-14
1.000000e+00  4.982502e-14
1.258925e+00  2.802587e-14
1.584893e+00  1.577227e-14
1.995262e+00  8.871830e-15
2.511886e+00  4.992832e-15
3.162278e+00  2.807492e-15
3.981072e+00  1.578531e-15
5.011872e+00  8.881879e-16
6.309573e+00  4.993811e-16
7.943282e+00  2.805291e-16
1.000000e+01  1.576520e-16
1.258925e+01  8.765690e-17
1.584893e+01  4.925267e-17
1.995262e+01  2.863790e-17
2.511886e+01  1.576238e-17
3.162278e+01  8.995015e-18
3.981072e+01  4.852614e-18
5.011872e+01  2.865474e-18
6.309573e+01  1.635246e-18
7.943282e+01  9.679067e-19
1.000000e+02  5.353850e-19
