I0=1.000000e+00 a=1.000000e+03
每层厚度分别为：4.000000e+01	4.000000e+01	1.000000e+20	
每层电导率分别为：1.000000e-02	1.000000e-02	1.000000e-02	
正演数据：
1.000000e-04  3.000032e-07
1.258925e-04  3.000006e-07
1.584893e-04  2.999973e-07
1.995262e-04  2.999987e-07
2.511886e-04  2.999590e-07
3.162278e-04  2.996020e-07
3.981072e-04  2.977523e-07
5.011872e-04  2.915613e-07
6.309573e-04  2.770707e-07
7.943282e-04  2.516214e-07
1.000000e-03  2.161109e-07
1.258925e-03  1.749028e-07
1.584893e-03  1.336352e-07
1.995262e-03  9.689441e-08
2.511886e-03  6.711386e-08
3.162278e-03  4.471433e-08
3.981072e-03  2.884044e-08
5.011872e-03  1.811189e-08
6.309573e-03  1.112929e-08
7.943282e-03  6.718981e-09
1.000000e-02  3.999007e-09
1.258925e-02  2.353044e-09
1.584893e-02  1.371891e-09
1.995262e-02  7.939996e-10
2.511886e-02  4.568543e-10
3.162278e-02  2.616351e-10
3.981072e-02  1.492787e-10
5.011872e-02  8.491836e-11
6.309573e-02  4.819460e-11
7.943282e-02  2.729955e-11
1.000000e-01  1.544150e-11
1.258925e-01  8.723093e-12
1.584893e-01  4.923063e-12
1.995262e-01  2.776392e-12
2.511886e-01  1.564515e-12
3.162278e-01  8.819771e-13
3.981072e-01  4.967135e-13
5.011872e-01  2.794742e-13
6.309573e-01  1.573147e-13
7.943282e-01  8.857691e-14
1.000000e+00  4.972094e-14
1.258925e+00  2.801876e-14
1.584893e+00  1.577451e-14
1.995262e+00  8.845304e-15
2.511886e+00  4.934737e-15
3.162278e+00  2.792068e-15
3.981072e+00  1.571427e-15
5.011872e+00  8.981509e-16
6.309573e+00  4.940394e-16
7.943282e+00  2.742416e-16
1.000000e+01  1.535241e-16
1.258925e+01  8.880638e-17
1.584893e+01  5.670762e-17
1.995262e+01  2.787787e-17
2.511886e+01  1.735521e-17
3.162278e+01  8.628130e-18
3.981072e+01  2.591595e-18
5.011872e+01  1.549783e-18
6.309573e+01  -1.370370e-18
7.943282e+01  9.075612e-19
1.000000e+02  1.662537e-19
