I0=1.000000e+00 a=1.000000e+03
每层厚度分别为：4.000000e+01	4.000000e+01	1.000000e+20	
每层电导率分别为：1.000000e-02	1.000000e-02	1.000000e-02	
正演数据：
1.000000e-04  3.000023e-07
1.258925e-04  3.000008e-07
1.584893e-04  2.999975e-07
1.995262e-04  2.999989e-07
2.511886e-04  2.999595e-07
3.162278e-04  2.996018e-07
3.981072e-04  2.977525e-07
5.011872e-04  2.915613e-07
6.309573e-04  2.770708e-07
7.943282e-04  2.516214e-07
1.000000e-03  2.161109e-07
1.258925e-03  1.749028e-07
1.584893e-03  1.336351e-07
1.995262e-03  9.689441e-08
2.511886e-03  6.711387e-08
3.162278e-03  4.471432e-08
3.981072e-03  2.884044e-08
5.011872e-03  1.811190e-08
6.309573e-03  1.112928e-08
7.943282e-03  6.718966e-09
1.000000e-02  3.999005e-09
1.258925e-02  2.353040e-09
1.584893e-02  1.371894e-09
1.995262e-02  7.940036e-10
2.511886e-02  4.568536e-10
3.162278e-02  2.616371e-10
3.981072e-02  1.492800e-10
5.011872e-02  8.492071e-11
6.309573e-02  4.819462e-11
7.943282e-02  2.730022e-11
1.000000e-01  1.544130e-11
1.258925e-01  8.723379e-12
1.584893e-01  4.923509e-12
1.995262e-01  2.776757e-12
2.511886e-01  1.565098e-12
3.162278e-01  8.817372e-13
3.981072e-01  4.965607e-13
5.011872e-01  2.795603e-13
6.309573e-01  1.573533e-13
7.943282e-01  8.855118e-14
1.000000e+00  4.982480e-14
1.258925e+00  2.803142e-14
1.584893e+00  1.576896e-14
1.995262e+00  8.870178e-15
2.511886e+00  4.989269e-15
3.162278e+00  2.806154e-15
3.981072e+00  1.578263e-15
5.011872e+00  8.876120e-16
6.309573e+00  4.992228e-16
7.943282e+00  2.807441e-16
1.000000e+01  1.578873e-16
1.258925e+01  8.879869e-17
1.584893e+01  4.993205e-17
1.995262e+01  2.807802e-17
2.511886e+01  1.578912e-17
3.162278e+01  8.879198e-18
3.981072e+01  4.990358e-18
5.011872e+01  2.808518e-18
6.309573e+01  1.578657e-18
7.943282e+01  8.894491e-19
1.000000e+02  4.997500e-19
