I0=1.000000e+00 a=1.000000e+01
每层厚度分别为：4.000000e+01	4.000000e+01	1.000000e+20	
每层电导率分别为：1.000000e-02	1.000000e-02	1.000000e-02	
正演数据：
1.000000e-04  4.982181e-08
1.258925e-04  2.802908e-08
1.584893e-04  1.576712e-08
1.995262e-04  8.868630e-09
2.511886e-04  4.987989e-09
3.162278e-04  2.805180e-09
3.981072e-04  1.577470e-09
5.011872e-04  8.869972e-10
6.309573e-04  4.986964e-10
7.943282e-04  2.803430e-10
1.000000e-03  1.575662e-10
1.258925e-03  8.853737e-11
1.584893e-03  4.973232e-11
1.995262e-03  2.792147e-11
2.511886e-03  1.566530e-11
3.162278e-03  8.780452e-12
3.981072e-03  4.914677e-12
5.011872e-03  2.745479e-12
6.309573e-03  1.529392e-12
7.943282e-03  8.485119e-13
1.000000e-02  4.679938e-13
1.258925e-02  2.558971e-13
1.584893e-02  1.381216e-13
1.995262e-02  7.307799e-14
2.511886e-02  3.744732e-14
3.162278e-02  1.816066e-14
3.981072e-02  7.910965e-15
5.011872e-02  2.620283e-15
6.309573e-02  2.111515e-17
7.943282e-02  -1.141975e-15
1.000000e-01  -1.558375e-15
1.258925e-01  -1.604313e-15
1.584893e-01  -1.480330e-15
1.995262e-01  -1.291694e-15
2.511886e-01  -1.091192e-15
3.162278e-01  -9.034202e-16
3.981072e-01  -7.382133e-16
5.011872e-01  -5.979792e-16
6.309573e-01  -4.814881e-16
7.943282e-01  -3.861302e-16
1.000000e+00  -3.087603e-16
1.258925e+00  -2.464243e-16
1.584893e+00  -1.963994e-16
1.995262e+00  -1.563697e-16
2.511886e+00  -1.244105e-16
3.162278e+00  -9.893487e-17
3.981072e+00  -7.865751e-17
5.011872e+00  -6.251583e-17
6.309573e+00  -4.967925e-17
7.943282e+00  -3.947323e-17
1.000000e+01  -3.136113e-17
1.258925e+01  -2.491519e-17
1.584893e+01  -1.979291e-17
1.995262e+01  -1.572305e-17
2.511886e+01  -1.248975e-17
3.162278e+01  -9.921367e-18
3.981072e+01  -7.881077e-18
5.011872e+01  -6.260145e-18
6.309573e+01  -4.972811e-18
7.943282e+01  -3.950134e-18
1.000000e+02  -3.137676e-18
