I0=1.000000e+00 a=1.000000e+01
每层厚度分别为：4.000000e+01	4.000000e+01	1.000000e+20	
每层电导率分别为：1.000000e-02	1.000000e-02	1.000000e-02	
正演数据：
1.000000e-04  4.982565e-08
1.258925e-04  2.803217e-08
1.584893e-04  1.576959e-08
1.995262e-04  8.870610e-09
2.511886e-04  4.989570e-09
3.162278e-04  2.806441e-09
3.981072e-04  1.578475e-09
5.011872e-04  8.877982e-10
6.309573e-04  4.993339e-10
7.943282e-04  2.808503e-10
1.000000e-03  1.579696e-10
1.258925e-03  8.885820e-11
1.584893e-03  4.998734e-11
1.995262e-03  2.812417e-11
2.511886e-03  1.582640e-11
3.162278e-03  8.908462e-12
3.981072e-03  5.016394e-12
5.011872e-03  2.826289e-12
6.309573e-03  1.593594e-12
7.943282e-03  8.995195e-13
1.000000e-02  5.085143e-13
1.258925e-02  2.880859e-13
1.584893e-02  1.636914e-13
1.995262e-02  9.339014e-14
2.511886e-02  5.358367e-14
3.162278e-02  3.097871e-14
3.981072e-02  1.809243e-14
5.011872e-02  1.070779e-14
6.309573e-02  6.445319e-15
7.943282e-02  3.961258e-15
1.000000e-01  2.495333e-15
1.258925e-01  1.615596e-15
1.584893e-01  1.077442e-15
1.995262e-01  7.399837e-16
2.511886e-01  5.227089e-16
3.162278e-01  3.784510e-16
3.981072e-01  2.800520e-16
5.011872e-01  2.108755e-16
6.309573e-01  1.610214e-16
7.943282e-01  1.241997e-16
1.000000e+00  9.664556e-17
1.258925e+00  7.558654e-17
1.584893e+00  5.939171e-17
1.995262e+00  4.680231e-17
2.511886e+00  3.696716e-17
3.162278e+00  2.925862e-17
3.981072e+00  2.317618e-17
5.011872e+00  1.836778e-17
6.309573e+00  1.456930e-17
7.943282e+00  1.156151e-17
1.000000e+01  9.177211e-18
1.258925e+01  7.285539e-18
1.584893e+01  5.785520e-18
1.995262e+01  4.594022e-18
2.511886e+01  3.648529e-18
3.162278e+01  2.898316e-18
3.981072e+01  2.301554e-18
5.011872e+01  1.828259e-18
6.309573e+01  1.452283e-18
7.943282e+01  1.153705e-18
1.000000e+02  9.162925e-19
