I0=1.000000e+00 a=1.000000e+01
每层厚度分别为：4.000000e+01	4.000000e+01	1.000000e+20	
每层电导率分别为：1.000000e-02	1.000000e-02	1.000000e-02	
正演数据：
1.000000e-04  4.982453e-08
1.258925e-04  2.803127e-08
1.584893e-04  1.576887e-08
1.995262e-04  8.870036e-09
2.511886e-04  4.989113e-09
3.162278e-04  2.806078e-09
3.981072e-04  1.578186e-09
5.011872e-04  8.875679e-10
6.309573e-04  4.991509e-10
7.943282e-04  2.807048e-10
1.000000e-03  1.578540e-10
1.258925e-03  8.876629e-11
1.584893e-03  4.991431e-11
1.995262e-03  2.806614e-11
2.511886e-03  1.578032e-11
3.162278e-03  8.871851e-12
3.981072e-03  4.987297e-12
5.011872e-03  2.803181e-12
6.309573e-03  1.575244e-12
7.943282e-03  8.849408e-13
1.000000e-02  4.969279e-13
1.258925e-02  2.788863e-13
1.584893e-02  1.563842e-13
1.995262e-02  8.758533e-14
2.511886e-02  4.897146e-14
3.162278e-02  2.731460e-14
3.981072e-02  1.518331e-14
5.011872e-02  8.396305e-15
6.309573e-02  4.609107e-15
7.943282e-02  2.502855e-15
1.000000e-01  1.337237e-15
1.258925e-01  6.959494e-16
1.584893e-01  3.466785e-16
1.995262e-01  1.593648e-16
2.511886e-01  6.162807e-17
3.162278e-01  1.212228e-17
3.981072e-01  -1.086864e-17
5.011872e-01  -2.026140e-17
6.309573e-01  -2.256129e-17
7.943282e-01  -2.161320e-17
1.000000e+00  -1.919961e-17
1.258925e+00  -1.643423e-17
1.584893e+00  -1.369780e-17
1.995262e+00  -1.125146e-17
2.511886e+00  -9.136510e-18
3.162278e+00  -7.370293e-18
3.981072e+00  -5.927730e-18
5.011872e+00  -4.736203e-18
6.309573e+00  -3.787634e-18
7.943282e+00  -3.022243e-18
1.000000e+01  -2.405383e-18
1.258925e+01  -1.915300e-18
1.584893e+01  -1.524005e-18
1.995262e+01  -1.211537e-18
2.511886e+01  -9.635323e-19
3.162278e+01  -7.655660e-19
3.981072e+01  -6.080138e-19
5.011872e+01  -4.828878e-19
6.309573e+01  -3.833826e-19
7.943282e+01  -3.047804e-19
1.000000e+02  -2.420524e-19
