I0=1.000000e+00 a=1.000000e+01
每层厚度分别为：4.000000e+01	4.000000e+01	1.000000e+20	
每层电导率分别为：1.000000e-02	1.000000e-02	1.000000e-02	
正演数据：
1.000000e-04  4.982483e-08
1.258925e-04  2.803150e-08
1.584893e-04  1.576906e-08
1.995262e-04  8.870187e-09
2.511886e-04  4.989233e-09
3.162278e-04  2.806173e-09
3.981072e-04  1.578262e-09
5.011872e-04  8.876281e-10
6.309573e-04  4.991985e-10
7.943282e-04  2.807426e-10
1.000000e-03  1.578840e-10
1.258925e-03  8.879015e-11
1.584893e-03  4.993328e-11
1.995262e-03  2.808122e-11
2.511886e-03  1.579228e-11
3.162278e-03  8.881350e-12
3.981072e-03  4.994855e-12
5.011872e-03  2.809185e-12
6.309573e-03  1.579995e-12
7.943282e-03  8.887186e-13
1.000000e-02  4.999356e-13
1.258925e-02  2.812722e-13
1.584893e-02  1.582782e-13
1.995262e-02  8.909032e-14
2.511886e-02  5.016685e-14
3.162278e-02  2.826617e-14
3.981072e-02  1.593607e-14
5.011872e-02  8.995397e-15
6.309573e-02  5.086108e-15
7.943282e-02  2.880490e-15
1.000000e-01  1.637251e-15
1.258925e-01  9.340040e-16
1.584893e-01  5.356383e-16
1.995262e-01  3.098592e-16
2.511886e-01  1.813303e-16
3.162278e-01  1.070867e-16
3.981072e-01  6.447295e-17
5.011872e-01  3.967531e-17
6.309573e-01  2.496497e-17
7.943282e-01  1.615812e-17
1.000000e+00  1.080703e-17
1.258925e+00  7.471562e-18
1.584893e+00  5.228672e-18
1.995262e+00  3.771974e-18
2.511886e+00  2.804780e-18
3.162278e+00  2.124412e-18
3.981072e+00  1.622718e-18
5.011872e+00  1.238724e-18
6.309573e+00  9.679508e-19
7.943282e+00  7.539515e-19
1.000000e+01  5.951326e-19
1.258925e+01  4.685368e-19
1.584893e+01  3.695531e-19
1.995262e+01  2.938034e-19
2.511886e+01  2.321285e-19
3.162278e+01  1.846970e-19
3.981072e+01  1.468627e-19
5.011872e+01  1.157224e-19
6.309573e+01  9.262405e-20
7.943282e+01  7.297884e-20
1.000000e+02  5.836973e-20
