I0=1.000000e+00 a=1.000000e+01
每层厚度分别为：4.000000e+01	4.000000e+01	1.000000e+20	
每层电导率分别为：1.000000e-02	1.000000e-02	1.000000e-02	
正演数据：
1.000000e-04  4.982475e-08
1.258925e-04  2.803145e-08
1.584893e-04  1.576902e-08
1.995262e-04  8.870151e-09
2.511886e-04  4.989205e-09
3.162278e-04  2.806151e-09
3.981072e-04  1.578244e-09
5.011872e-04  8.876138e-10
6.309573e-04  4.991873e-10
7.943282e-04  2.807337e-10
1.000000e-03  1.578770e-10
1.258925e-03  8.878449e-11
1.584893e-03  4.992883e-11
1.995262e-03  2.807769e-11
2.511886e-03  1.578948e-11
3.162278e-03  8.879101e-12
3.981072e-03  4.993088e-12
5.011872e-03  2.807777e-12
6.309573e-03  1.578871e-12
7.943282e-03  8.878342e-13
1.000000e-02  4.992244e-13
1.258925e-02  2.807129e-13
1.584893e-02  1.578354e-13
1.995262e-02  8.873736e-14
2.511886e-02  4.988503e-14
3.162278e-02  2.804485e-14
3.981072e-02  1.576098e-14
5.011872e-02  8.854022e-15
6.309573e-02  4.974117e-15
7.943282e-02  2.792481e-15
1.000000e-01  1.567238e-15
1.258925e-01  8.783806e-16
1.584893e-01  4.914892e-16
1.995262e-01  2.746234e-16
2.511886e-01  1.528875e-16
3.162278e-01  8.443265e-17
3.981072e-01  4.695752e-17
5.011872e-01  2.559738e-17
6.309573e-01  1.394885e-17
7.943282e-01  7.305798e-18
1.000000e+00  3.817284e-18
1.258925e+00  1.829209e-18
1.584893e+00  7.917486e-19
1.995262e+00  2.395908e-19
2.511886e+00  2.281503e-20
3.162278e+00  -9.622554e-20
3.981072e+00  -1.470811e-19
5.011872e+00  -1.531595e-19
6.309573e+00  -1.522890e-19
7.943282e+00  -1.348723e-19
1.000000e+01  -1.099379e-19
1.258925e+01  -9.453033e-20
1.584893e+01  -7.446248e-20
1.995262e+01  -6.126009e-20
2.511886e+01  -4.797326e-20
3.162278e+01  -3.820976e-20
3.981072e+01  -3.128795e-20
5.011872e+01  -2.415661e-20
6.309573e+01  -1.873425e-20
7.943282e+01  -1.511196e-20
1.000000e+02  -1.248782e-20
