I0=1.000000e+00 a=1.000000e+01
每层厚度分别为：4.000000e+01	4.000000e+01	1.000000e+20	
每层电导率分别为：1.000000e-02	1.000000e-02	1.000000e-02	
正演数据：
1.000000e-04  4.982477e-08
1.258925e-04  2.803146e-08
1.584893e-04  1.576903e-08
1.995262e-04  8.870156e-09
2.511886e-04  4.989209e-09
3.162278e-04  2.806154e-09
3.981072e-04  1.578247e-09
5.011872e-04  8.876159e-10
6.309573e-04  4.991889e-10
7.943282e-04  2.807355e-10
1.000000e-03  1.578784e-10
1.258925e-03  8.878560e-11
1.584893e-03  4.992959e-11
1.995262e-03  2.807826e-11
2.511886e-03  1.579003e-11
3.162278e-03  8.879529e-12
3.981072e-03  4.993405e-12
5.011872e-03  2.808022e-12
6.309573e-03  1.579054e-12
7.943282e-03  8.879780e-13
1.000000e-02  4.993476e-13
1.258925e-02  2.808151e-13
1.584893e-02  1.579199e-13
1.995262e-02  8.880062e-14
2.511886e-02  4.993398e-14
3.162278e-02  2.808353e-14
3.981072e-02  1.578960e-14
5.011872e-02  8.872758e-15
6.309573e-02  4.994080e-15
7.943282e-02  2.806723e-15
1.000000e-01  1.577376e-15
1.258925e-01  8.876930e-16
1.584893e-01  4.983910e-16
1.995262e-01  2.808012e-16
2.511886e-01  1.592728e-16
3.162278e-01  8.881337e-17
3.981072e-01  4.934527e-17
5.011872e-01  2.740483e-17
6.309573e-01  1.600943e-17
7.943282e-01  8.779698e-18
1.000000e+00  5.079689e-18
1.258925e+00  2.888135e-18
1.584893e+00  1.561049e-18
1.995262e+00  8.202140e-19
2.511886e+00  4.351580e-19
3.162278e+00  3.047571e-19
3.981072e+00  2.309494e-19
5.011872e+00  4.124516e-20
6.309573e+00  4.292173e-20
7.943282e+00  3.840637e-21
1.000000e+01  4.020230e-22
1.258925e+01  -1.114404e-20
1.584893e+01  -2.990342e-21
1.995262e+01  4.122732e-21
2.511886e+01  9.271486e-21
3.162278e+01  1.173821e-21
3.981072e+01  -2.870002e-21
5.011872e+01  -1.041284e-21
6.309573e+01  1.116923e-21
7.943282e+01  -5.728391e-22
1.000000e+02  -3.439905e-22
