I0=1.000000e+00 a=1.000000e+01
每层厚度分别为：4.000000e+01	4.000000e+01	1.000000e+20	
每层电导率分别为：1.000000e-02	1.000000e-02	1.000000e-02	
正演数据：
1.000000e-04  4.982476e-08
1.258925e-04  2.803146e-08
1.584893e-04  1.576903e-08
1.995262e-04  8.870156e-09
2.511886e-04  4.989210e-09
3.162278e-04  2.806155e-09
3.981072e-04  1.578246e-09
5.011872e-04  8.876168e-10
6.309573e-04  4.991893e-10
7.943282e-04  2.807350e-10
1.000000e-03  1.578783e-10
1.258925e-03  8.878540e-11
1.584893e-03  4.992956e-11
1.995262e-03  2.807821e-11
2.511886e-03  1.578996e-11
3.162278e-03  8.879404e-12
3.981072e-03  4.993322e-12
5.011872e-03  2.808020e-12
6.309573e-03  1.579019e-12
7.943282e-03  8.880061e-13
1.000000e-02  4.993441e-13
1.258925e-02  2.808250e-13
1.584893e-02  1.579187e-13
1.995262e-02  8.877394e-14
2.511886e-02  4.992629e-14
3.162278e-02  2.806390e-14
3.981072e-02  1.579182e-14
5.011872e-02  8.871383e-15
6.309573e-02  4.986652e-15
7.943282e-02  2.806823e-15
1.000000e-01  1.575651e-15
1.258925e-01  8.878278e-16
1.584893e-01  5.002447e-16
1.995262e-01  2.798697e-16
2.511886e-01  1.589272e-16
3.162278e-01  8.662628e-17
3.981072e-01  5.016884e-17
5.011872e-01  2.658240e-17
6.309573e-01  1.553111e-17
7.943282e-01  8.186342e-18
1.000000e+00  4.837216e-18
1.258925e+00  2.833764e-18
1.584893e+00  1.512143e-18
1.995262e+00  6.050153e-19
2.511886e+00  4.834124e-19
3.162278e+00  2.720491e-19
3.981072e+00  2.226103e-19
5.011872e+00  1.545274e-19
6.309573e+00  1.804616e-20
7.943282e+00  -1.093036e-20
1.000000e+01  2.134743e-20
1.258925e+01  4.684987e-20
1.584893e+01  -3.886785e-21
1.995262e+01  9.842763e-21
2.511886e+01  -1.146197e-20
3.162278e+01  6.681867e-21
3.981072e+01  3.769601e-22
5.011872e+01  -2.655012e-21
6.309573e+01  -1.049763e-21
7.943282e+01  -1.815948e-21
1.000000e+02  -1.815520e-21
