I0=1.000000e+00 a=1.000000e+01
每层厚度分别为：4.000000e+01	4.000000e+01	1.000000e+20	
每层电导率分别为：1.000000e-02	1.000000e-02	1.000000e-02	
正演数据：
1.000000e-04  4.982477e-08
1.258925e-04  2.803146e-08
1.584893e-04  1.576903e-08
1.995262e-04  8.870154e-09
2.511886e-04  4.989211e-09
3.162278e-04  2.806154e-09
3.981072e-04  1.578247e-09
5.011872e-04  8.876155e-10
6.309573e-04  4.991890e-10
7.943282e-04  2.807354e-10
1.000000e-03  1.578785e-10
1.258925e-03  8.878538e-11
1.584893e-03  4.992973e-11
1.995262e-03  2.807864e-11
2.511886e-03  1.579026e-11
3.162278e-03  8.879613e-12
3.981072e-03  4.993283e-12
5.011872e-03  2.808037e-12
6.309573e-03  1.579026e-12
7.943282e-03  8.879932e-13
1.000000e-02  4.993410e-13
1.258925e-02  2.807890e-13
1.584893e-02  1.579459e-13
1.995262e-02  8.880391e-14
2.511886e-02  4.993571e-14
3.162278e-02  2.808618e-14
3.981072e-02  1.580284e-14
5.011872e-02  8.886366e-15
6.309573e-02  4.993615e-15
7.943282e-02  2.807658e-15
1.000000e-01  1.584614e-15
1.258925e-01  8.893479e-16
1.584893e-01  5.024044e-16
1.995262e-01  2.771411e-16
2.511886e-01  1.592773e-16
3.162278e-01  8.747358e-17
3.981072e-01  5.025239e-17
5.011872e-01  2.820679e-17
6.309573e-01  1.653147e-17
7.943282e-01  9.178848e-18
1.000000e+00  5.520889e-18
1.258925e+00  3.047765e-18
1.584893e+00  1.713575e-18
1.995262e+00  9.027085e-19
2.511886e+00  5.622869e-19
3.162278e+00  4.797413e-19
3.981072e+00  2.629531e-19
5.011872e+00  1.433261e-19
6.309573e+00  2.704084e-20
7.943282e+00  3.469826e-20
1.000000e+01  4.954320e-20
1.258925e+01  1.305674e-20
1.584893e+01  1.075328e-20
1.995262e+01  5.429258e-21
2.511886e+01  -9.858774e-21
3.162278e+01  -3.727348e-21
3.981072e+01  -4.799623e-21
5.011872e+01  -1.786649e-21
6.309573e+01  5.485457e-21
7.943282e+01  1.580530e-21
1.000000e+02  -1.018930e-21
