I0=1.000000e+00 a=1.000000e+01
每层厚度分别为：4.000000e+01	4.000000e+01	1.000000e+20	
每层电导率分别为：1.000000e-02	1.000000e-02	1.000000e-02	
正演数据：
1.000000e-04  4.982477e-08
1.258925e-04  2.803146e-08
1.584893e-04  1.576903e-08
1.995262e-04  8.870156e-09
2.511886e-04  4.989207e-09
3.162278e-04  2.806156e-09
3.981072e-04  1.578247e-09
5.011872e-04  8.876147e-10
6.309573e-04  4.991898e-10
7.943282e-04  2.807345e-10
1.000000e-03  1.578783e-10
1.258925e-03  8.878558e-11
1.584893e-03  4.992947e-11
1.995262e-03  2.807774e-11
2.511886e-03  1.578988e-11
3.162278e-03  8.879554e-12
3.981072e-03  4.993028e-12
5.011872e-03  2.808151e-12
6.309573e-03  1.578970e-12
7.943282e-03  8.879437e-13
1.000000e-02  4.992853e-13
1.258925e-02  2.808200e-13
1.584893e-02  1.579450e-13
1.995262e-02  8.876837e-14
2.511886e-02  4.990310e-14
3.162278e-02  2.808465e-14
3.981072e-02  1.579452e-14
5.011872e-02  8.860366e-15
6.309573e-02  4.981971e-15
7.943282e-02  2.792716e-15
1.000000e-01  1.583596e-15
1.258925e-01  8.902310e-16
1.584893e-01  5.004190e-16
1.995262e-01  2.800975e-16
2.511886e-01  1.600616e-16
3.162278e-01  8.577654e-17
3.981072e-01  4.882190e-17
5.011872e-01  2.672168e-17
6.309573e-01  1.540174e-17
7.943282e-01  8.311509e-18
1.000000e+00  6.587518e-18
1.258925e+00  2.757534e-18
1.584893e+00  1.461663e-18
1.995262e+00  5.375933e-19
2.511886e+00  3.210134e-19
3.162278e+00  4.235457e-19
3.981072e+00  2.257889e-19
5.011872e+00  -7.696386e-21
6.309573e+00  3.516755e-20
7.943282e+00  2.363685e-20
1.000000e+01  2.112341e-20
1.258925e+01  -6.279700e-20
1.584893e+01  -1.185428e-20
1.995262e+01  1.389747e-20
2.511886e+01  -1.099672e-20
3.162278e+01  -9.399021e-21
3.981072e+01  4.054131e-21
5.011872e+01  4.828435e-21
6.309573e+01  -5.461091e-21
7.943282e+01  -3.641308e-21
1.000000e+02  -2.636365e-21
