I0=1.000000e+00 a=1.000000e+01
每层厚度分别为：4.000000e+01	4.000000e+01	1.000000e+20	
每层电导率分别为：1.000000e-02	1.000000e-02	1.000000e-02	
正演数据：
1.000000e-04  4.982478e-08
1.258925e-04  2.803146e-08
1.584893e-04  1.576904e-08
1.995262e-04  8.870159e-09
2.511886e-04  4.989221e-09
3.162278e-04  2.806159e-09
3.981072e-04  1.578250e-09
5.011872e-04  8.876156e-10
6.309573e-04  4.991907e-10
7.943282e-04  2.807372e-10
1.000000e-03  1.578798e-10
1.258925e-03  8.878668e-11
1.584893e-03  4.992890e-11
1.995262e-03  2.807860e-11
2.511886e-03  1.578982e-11
3.162278e-03  8.879615e-12
3.981072e-03  4.993850e-12
5.011872e-03  2.808371e-12
6.309573e-03  1.579140e-12
7.943282e-03  8.882288e-13
1.000000e-02  4.991790e-13
1.258925e-02  2.809693e-13
1.584893e-02  1.580417e-13
1.995262e-02  8.876255e-14
2.511886e-02  4.994264e-14
3.162278e-02  2.809315e-14
3.981072e-02  1.582498e-14
5.011872e-02  8.872193e-15
6.309573e-02  5.007849e-15
7.943282e-02  2.794827e-15
1.000000e-01  1.580769e-15
1.258925e-01  8.949422e-16
1.584893e-01  5.104514e-16
1.995262e-01  2.813145e-16
2.511886e-01  1.645796e-16
3.162278e-01  8.377958e-17
3.981072e-01  5.035411e-17
5.011872e-01  2.597942e-17
6.309573e-01  2.179077e-17
7.943282e-01  7.490318e-18
1.000000e+00  7.499855e-18
1.258925e+00  3.525611e-18
1.584893e+00  2.644452e-18
1.995262e+00  -3.410407e-20
2.511886e+00  7.439281e-19
3.162278e+00  8.845230e-19
3.981072e+00  2.946145e-19
5.011872e+00  5.289032e-20
6.309573e+00  3.702512e-19
7.943282e+00  -3.498598e-20
1.000000e+01  3.606595e-20
1.258925e+01  -7.684075e-21
1.584893e+01  5.934143e-20
1.995262e+01  -4.647860e-20
2.511886e+01  1.843700e-20
3.162278e+01  -5.830528e-21
3.981072e+01  8.955251e-21
5.011872e+01  6.110696e-21
6.309573e+01  -5.924011e-21
7.943282e+01  2.147647e-21
1.000000e+02  2.858978e-21
