I0=1.000000e+00 a=1.000000e+01
每层厚度分别为：4.000000e+01	4.000000e+01	1.000000e+20	
每层电导率分别为：1.000000e-02	1.000000e-02	1.000000e-02	
正演数据：
1.000000e-04  4.982529e-08
1.258925e-04  2.803170e-08
1.584893e-04  1.576925e-08
1.995262e-04  8.870785e-09
2.511886e-04  4.989518e-09
3.162278e-04  2.806498e-09
3.981072e-04  1.578153e-09
5.011872e-04  8.875132e-10
6.309573e-04  4.992703e-10
7.943282e-04  2.808299e-10
1.000000e-03  1.579963e-10
1.258925e-03  8.883210e-11
1.584893e-03  4.998365e-11
1.995262e-03  2.804115e-11
2.511886e-03  1.582186e-11
3.162278e-03  8.905963e-12
3.981072e-03  5.020086e-12
5.011872e-03  2.810361e-12
6.309573e-03  1.581125e-12
7.943282e-03  8.878682e-13
1.000000e-02  5.010805e-13
1.258925e-02  2.912124e-13
1.584893e-02  1.627454e-13
1.995262e-02  8.676241e-14
2.511886e-02  5.317059e-14
3.162278e-02  2.919544e-14
3.981072e-02  1.817784e-14
5.011872e-02  1.008203e-14
6.309573e-02  4.978257e-15
7.943282e-02  2.778115e-15
1.000000e-01  2.215170e-15
1.258925e-01  1.506602e-15
1.584893e-01  1.242837e-15
1.995262e-01  7.027272e-16
2.511886e-01  4.121722e-16
3.162278e-01  1.228380e-16
3.981072e-01  -8.678826e-17
5.011872e-01  1.311603e-16
6.309573e-01  2.413733e-16
7.943282e-01  5.053274e-17
1.000000e+00  1.036037e-16
1.258925e+00  8.813172e-17
1.584893e+00  4.240508e-17
1.995262e+00  -2.103637e-17
2.511886e+00  1.128610e-17
3.162278e+00  3.158361e-17
3.981072e+00  2.889451e-17
5.011872e+00  1.376593e-17
6.309573e+00  1.229479e-17
7.943282e+00  -3.492236e-18
1.000000e+01  4.497465e-18
1.258925e+01  6.770179e-18
1.584893e+01  2.102721e-18
1.995262e+01  -1.526413e-20
2.511886e+01  2.953094e-18
3.162278e+01  1.650088e-19
3.981072e+01  2.742992e-18
5.011872e+01  1.261763e-18
6.309573e+01  5.670134e-19
7.943282e+01  5.086277e-19
1.000000e+02  8.379748e-19
