I0=1.000000e+00 a=1.000000e+01
每层厚度分别为：4.000000e+01	4.000000e+01	1.000000e+20	
每层电导率分别为：1.000000e-02	1.000000e-02	1.000000e-02	
正演数据：
1.000000e-04  4.982471e-08
1.258925e-04  2.803143e-08
1.584893e-04  1.576881e-08
1.995262e-04  8.869994e-09
2.511886e-04  4.989013e-09
3.162278e-04  2.806028e-09
3.981072e-04  1.578165e-09
5.011872e-04  8.875012e-10
6.309573e-04  4.991525e-10
7.943282e-04  2.806969e-10
1.000000e-03  1.578263e-10
1.258925e-03  8.877756e-11
1.584893e-03  4.991620e-11
1.995262e-03  2.804390e-11
2.511886e-03  1.577737e-11
3.162278e-03  8.864119e-12
3.981072e-03  4.974799e-12
5.011872e-03  2.800598e-12
6.309573e-03  1.573640e-12
7.943282e-03  8.885512e-13
1.000000e-02  4.918060e-13
1.258925e-02  2.760162e-13
1.584893e-02  1.573463e-13
1.995262e-02  8.666969e-14
2.511886e-02  4.915531e-14
3.162278e-02  2.711176e-14
3.981072e-02  1.582111e-14
5.011872e-02  7.666041e-15
6.309573e-02  4.105896e-15
7.943282e-02  2.287699e-15
1.000000e-01  1.414024e-15
1.258925e-01  6.367532e-16
1.584893e-01  1.938565e-16
1.995262e-01  2.006662e-16
2.511886e-01  2.155276e-16
3.162278e-01  -1.846602e-16
3.981072e-01  -8.400302e-18
5.011872e-01  -7.800435e-17
6.309573e-01  -3.360909e-17
7.943282e-01  -5.588363e-17
1.000000e+00  -4.175920e-18
1.258925e+00  -1.846947e-17
1.584893e+00  -1.880869e-18
1.995262e+00  -1.048084e-17
2.511886e+00  -2.136297e-17
3.162278e+00  9.318485e-18
3.981072e+00  -4.824006e-19
5.011872e+00  -8.593884e-19
6.309573e+00  -2.271137e-18
7.943282e+00  -6.628851e-18
1.000000e+01  -2.917138e-18
1.258925e+01  -8.051549e-19
1.584893e+01  -1.470928e-18
1.995262e+01  -1.908778e-18
2.511886e+01  -1.615518e-18
3.162278e+01  -8.474789e-19
3.981072e+01  -9.653529e-19
5.011872e+01  -4.039548e-20
6.309573e+01  -7.045734e-20
7.943282e+01  -4.710055e-19
1.000000e+02  -4.873332e-20
