I0=1.000000e+00 a=1.000000e+01
每层厚度分别为：4.000000e+01	4.000000e+01	1.000000e+20	
每层电导率分别为：1.000000e-02	1.000000e-02	1.000000e-02	
正演数据：
1.000000e-04  4.982474e-08
1.258925e-04  2.803163e-08
1.584893e-04  1.576906e-08
1.995262e-04  8.870151e-09
2.511886e-04  4.989203e-09
3.162278e-04  2.806175e-09
3.981072e-04  1.578294e-09
5.011872e-04  8.876029e-10
6.309573e-04  4.992028e-10
7.943282e-04  2.807529e-10
1.000000e-03  1.578963e-10
1.258925e-03  8.878371e-11
1.584893e-03  4.993093e-11
1.995262e-03  2.807843e-11
2.511886e-03  1.579201e-11
3.162278e-03  8.883896e-12
3.981072e-03  4.992504e-12
5.011872e-03  2.807641e-12
6.309573e-03  1.579934e-12
7.943282e-03  8.898628e-13
1.000000e-02  4.990929e-13
1.258925e-02  2.800271e-13
1.584893e-02  1.584977e-13
1.995262e-02  8.812632e-14
2.511886e-02  4.986154e-14
3.162278e-02  2.859243e-14
3.981072e-02  1.587481e-14
5.011872e-02  8.610593e-15
6.309573e-02  5.149063e-15
7.943282e-02  2.829428e-15
1.000000e-01  1.705491e-15
1.258925e-01  9.990229e-16
1.584893e-01  5.293198e-16
1.995262e-01  3.255302e-16
2.511886e-01  2.275405e-16
3.162278e-01  8.865200e-17
3.981072e-01  7.968201e-17
5.011872e-01  2.414483e-17
6.309573e-01  3.792131e-17
7.943282e-01  7.329178e-18
1.000000e+00  3.060799e-17
1.258925e+00  1.160901e-17
1.584893e+00  8.417184e-19
1.995262e+00  -1.091047e-17
2.511886e+00  9.507366e-19
3.162278e+00  5.131573e-18
3.981072e+00  2.917390e-18
5.011872e+00  3.239938e-18
6.309573e+00  8.944523e-19
7.943282e+00  5.856723e-19
1.000000e+01  3.383214e-20
1.258925e+01  3.867453e-19
1.584893e+01  3.775548e-19
1.995262e+01  8.810567e-19
2.511886e+01  5.269001e-19
3.162278e+01  2.074036e-19
3.981072e+01  5.307205e-19
5.011872e+01  -8.945429e-20
6.309573e+01  2.159315e-19
7.943282e+01  -3.707127e-20
1.000000e+02  4.901282e-21
