I0=1.000000e+00 a=1.000000e+01
每层厚度分别为：4.000000e+01	4.000000e+01	1.000000e+20	
每层电导率分别为：1.000000e-02	1.000000e-02	1.000000e-02	
正演数据：
1.000000e-04  4.982474e-08
1.258925e-04  2.803146e-08
1.584893e-04  1.576903e-08
1.995262e-04  8.870166e-09
2.511886e-04  4.989214e-09
3.162278e-04  2.806160e-09
3.981072e-04  1.578245e-09
5.011872e-04  8.876129e-10
6.309573e-04  4.991890e-10
7.943282e-04  2.807343e-10
1.000000e-03  1.578785e-10
1.258925e-03  8.878620e-11
1.584893e-03  4.992964e-11
1.995262e-03  2.807922e-11
2.511886e-03  1.579079e-11
3.162278e-03  8.879678e-12
3.981072e-03  4.993087e-12
5.011872e-03  2.807462e-12
6.309573e-03  1.578963e-12
7.943282e-03  8.880480e-13
1.000000e-02  4.991706e-13
1.258925e-02  2.805883e-13
1.584893e-02  1.579925e-13
1.995262e-02  8.856157e-14
2.511886e-02  4.988185e-14
3.162278e-02  2.809677e-14
3.981072e-02  1.581835e-14
5.011872e-02  8.881050e-15
6.309573e-02  4.953696e-15
7.943282e-02  2.767937e-15
1.000000e-01  1.610682e-15
1.258925e-01  9.070790e-16
1.584893e-01  4.940208e-16
1.995262e-01  2.787482e-16
2.511886e-01  1.688516e-16
3.162278e-01  8.395278e-17
3.981072e-01  5.292919e-17
5.011872e-01  2.535129e-17
6.309573e-01  1.760915e-17
7.943282e-01  7.108527e-18
1.000000e+00  8.573842e-18
1.258925e+00  3.834290e-18
1.584893e+00  2.538197e-19
1.995262e+00  3.940911e-19
2.511886e+00  1.412318e-18
3.162278e+00  6.501782e-19
3.981072e+00  -3.558088e-19
5.011872e+00  2.339764e-19
6.309573e+00  -1.501283e-19
7.943282e+00  -1.966268e-19
1.000000e+01  1.031258e-20
1.258925e+01  -1.095002e-19
1.584893e+01  1.660115e-19
1.995262e+01  -3.097465e-20
2.511886e+01  3.503428e-20
3.162278e+01  6.084522e-20
3.981072e+01  7.478490e-21
5.011872e+01  3.746757e-20
6.309573e+01  2.868861e-20
7.943282e+01  1.755573e-20
1.000000e+02  6.879703e-21
