I0=1.000000e+00 a=1.000000e+01
每层厚度分别为：4.000000e+01	4.000000e+01	1.000000e+20	
每层电导率分别为：1.000000e-02	1.000000e-02	1.000000e-02	
正演数据：
1.000000e-04  4.982486e-08
1.258925e-04  2.803142e-08
1.584893e-04  1.576815e-08
1.995262e-04  8.868631e-09
2.511886e-04  4.989028e-09
3.162278e-04  2.806191e-09
3.981072e-04  1.578143e-09
5.011872e-04  8.875703e-10
6.309573e-04  4.990945e-10
7.943282e-04  2.809106e-10
1.000000e-03  1.578843e-10
1.258925e-03  8.875941e-11
1.584893e-03  4.992669e-11
1.995262e-03  2.799758e-11
2.511886e-03  1.576435e-11
3.162278e-03  8.829633e-12
3.981072e-03  4.978440e-12
5.011872e-03  2.764719e-12
6.309573e-03  1.588309e-12
7.943282e-03  8.760687e-13
1.000000e-02  4.868669e-13
1.258925e-02  2.662728e-13
1.584893e-02  1.616421e-13
1.995262e-02  8.482081e-14
2.511886e-02  4.666986e-14
3.162278e-02  2.338115e-14
3.981072e-02  1.449074e-14
5.011872e-02  4.900103e-15
6.309573e-02  1.738538e-15
7.943282e-02  -1.160938e-15
1.000000e-01  1.121805e-15
1.258925e-01  -5.089289e-16
1.584893e-01  3.682226e-16
1.995262e-01  4.737989e-16
2.511886e-01  -1.573256e-16
3.162278e-01  -4.661708e-16
3.981072e-01  -2.905951e-16
5.011872e-01  -4.019372e-16
6.309573e-01  1.338895e-16
7.943282e-01  -2.619205e-17
1.000000e+00  8.166151e-17
1.258925e+00  -1.261800e-16
1.584893e+00  -1.248992e-16
1.995262e+00  -1.261677e-16
2.511886e+00  -1.055011e-16
3.162278e+00  3.097537e-17
3.981072e+00  -2.624589e-17
5.011872e+00  -3.530160e-17
6.309573e+00  -2.305489e-17
7.943282e+00  -2.313876e-17
1.000000e+01  -4.787048e-19
1.258925e+01  -1.304917e-17
1.584893e+01  -1.180032e-17
1.995262e+01  -2.005059e-18
2.511886e+01  -4.438789e-18
3.162278e+01  -2.883768e-18
3.981072e+01  -2.192568e-18
5.011872e+01  -1.491332e-18
6.309573e+01  -7.116487e-19
7.943282e+01  8.187827e-20
1.000000e+02  -6.904415e-19
