I0=1.000000e+00 a=1.000000e+01
每层厚度分别为：4.000000e+01	4.000000e+01	1.000000e+20	
每层电导率分别为：1.000000e-02	1.000000e-02	1.000000e-02	
正演数据：
1.000000e-04  4.982485e-08
1.258925e-04  2.803151e-08
1.584893e-04  1.576905e-08
1.995262e-04  8.870159e-09
2.511886e-04  4.989235e-09
3.162278e-04  2.806170e-09
3.981072e-04  1.578268e-09
5.011872e-04  8.876187e-10
6.309573e-04  4.991977e-10
7.943282e-04  2.807403e-10
1.000000e-03  1.578898e-10
1.258925e-03  8.879167e-11
1.584893e-03  4.993183e-11
1.995262e-03  2.807955e-11
2.511886e-03  1.579304e-11
3.162278e-03  8.880695e-12
3.981072e-03  4.995357e-12
5.011872e-03  2.809578e-12
6.309573e-03  1.579695e-12
7.943282e-03  8.888486e-13
1.000000e-02  4.993074e-13
1.258925e-02  2.813117e-13
1.584893e-02  1.583795e-13
1.995262e-02  8.892866e-14
2.511886e-02  5.039666e-14
3.162278e-02  2.822723e-14
3.981072e-02  1.593101e-14
5.011872e-02  9.039757e-15
6.309573e-02  5.141744e-15
7.943282e-02  2.891333e-15
1.000000e-01  1.677012e-15
1.258925e-01  9.240402e-16
1.584893e-01  5.723029e-16
1.995262e-01  3.328606e-16
2.511886e-01  1.952123e-16
3.162278e-01  9.447397e-17
3.981072e-01  6.908101e-17
5.011872e-01  3.625662e-17
6.309573e-01  3.512172e-17
7.943282e-01  1.918272e-17
1.000000e+00  9.107778e-18
1.258925e+00  7.760707e-18
1.584893e+00  4.643868e-18
1.995262e+00  3.191988e-18
2.511886e+00  2.640134e-18
3.162278e+00  2.625132e-18
3.981072e+00  1.293824e-18
5.011872e+00  2.158478e-18
6.309573e+00  6.206225e-19
7.943282e+00  5.584061e-19
1.000000e+01  7.026691e-19
1.258925e+01  8.754931e-19
1.584893e+01  6.217540e-19
1.995262e+01  2.477482e-19
2.511886e+01  3.809690e-19
3.162278e+01  2.132529e-19
3.981072e+01  1.609941e-19
5.011872e+01  1.855795e-19
6.309573e+01  9.113550e-20
7.943282e+01  7.109025e-20
1.000000e+02  7.330587e-20
