I0=1.000000e+00 a=1.000000e+01
每层厚度分别为：4.000000e+01	4.000000e+01	1.000000e+20	
每层电导率分别为：1.000000e-02	1.000000e-02	1.000000e-02	
正演数据：
1.000000e-04  4.982472e-08
1.258925e-04  2.803144e-08
1.584893e-04  1.576908e-08
1.995262e-04  8.870169e-09
2.511886e-04  4.989201e-09
3.162278e-04  2.806154e-09
3.981072e-04  1.578265e-09
5.011872e-04  8.876095e-10
6.309573e-04  4.991769e-10
7.943282e-04  2.807382e-10
1.000000e-03  1.578792e-10
1.258925e-03  8.878564e-11
1.584893e-03  4.993310e-11
1.995262e-03  2.807819e-11
2.511886e-03  1.578783e-11
3.162278e-03  8.878414e-12
3.981072e-03  4.992257e-12
5.011872e-03  2.806636e-12
6.309573e-03  1.578305e-12
7.943282e-03  8.883541e-13
1.000000e-02  4.988223e-13
1.258925e-02  2.813058e-13
1.584893e-02  1.583666e-13
1.995262e-02  8.843692e-14
2.511886e-02  4.956546e-14
3.162278e-02  2.794452e-14
3.981072e-02  1.562492e-14
5.011872e-02  8.739765e-15
6.309573e-02  4.858542e-15
7.943282e-02  2.694100e-15
1.000000e-01  1.524038e-15
1.258925e-01  8.571152e-16
1.584893e-01  5.054898e-16
1.995262e-01  2.887014e-16
2.511886e-01  1.809606e-16
3.162278e-01  6.923038e-17
3.981072e-01  3.364824e-17
5.011872e-01  2.470424e-17
6.309573e-01  2.380844e-17
7.943282e-01  7.373092e-18
1.000000e+00  5.549190e-18
1.258925e+00  -2.533261e-18
1.584893e+00  -9.738020e-19
1.995262e+00  -1.324319e-18
2.511886e+00  -2.227321e-18
3.162278e+00  2.710419e-18
3.981072e+00  8.930452e-20
5.011872e+00  -1.626758e-19
6.309573e+00  -2.647892e-19
7.943282e+00  3.230708e-21
1.000000e+01  -1.058676e-20
1.258925e+01  -1.198993e-19
1.584893e+01  -2.927751e-20
1.995262e+01  -2.179353e-19
2.511886e+01  -6.727848e-20
3.162278e+01  -2.423247e-19
3.981072e+01  -1.074086e-19
5.011872e+01  3.777680e-20
6.309573e+01  5.648279e-20
7.943282e+01  -4.296929e-20
1.000000e+02  -3.442335e-20
