I0=1.000000e+00 a=1.000000e+01
每层厚度分别为：4.000000e+01	4.000000e+01	1.000000e+20	
每层电导率分别为：1.000000e-02	1.000000e-02	1.000000e-02	
正演数据：
1.000000e-04  4.981449e-08
1.258925e-04  2.802616e-08
1.584893e-04  1.576601e-08
1.995262e-04  8.866524e-09
2.511886e-04  4.986043e-09
3.162278e-04  2.805122e-09
3.981072e-04  1.576701e-09
5.011872e-04  8.859392e-10
6.309573e-04  4.982404e-10
7.943282e-04  2.799747e-10
1.000000e-03  1.573166e-10
1.258925e-03  8.835501e-11
1.584893e-03  4.963184e-11
1.995262e-03  2.767688e-11
2.511886e-03  1.562417e-11
3.162278e-03  8.740893e-12
3.981072e-03  4.796251e-12
5.011872e-03  2.657179e-12
6.309573e-03  1.556734e-12
7.943282e-03  7.298816e-13
1.000000e-02  4.130517e-13
1.258925e-02  2.325889e-13
1.584893e-02  1.368453e-13
1.995262e-02  4.258255e-14
2.511886e-02  -4.166365e-15
3.162278e-02  1.735383e-14
3.981072e-02  5.734259e-15
5.011872e-02  -4.014791e-15
6.309573e-02  -4.521128e-15
7.943282e-02  -7.659736e-15
1.000000e-01  -4.328607e-15
1.258925e-01  -4.031392e-15
1.584893e-01  -3.747666e-15
1.995262e-01  -3.822633e-15
2.511886e-01  -9.375439e-16
3.162278e-01  -3.722409e-15
3.981072e-01  -2.781466e-15
5.011872e-01  -1.855739e-15
6.309573e-01  -4.839976e-16
7.943282e-01  -4.917027e-16
1.000000e+00  -5.627722e-16
1.258925e+00  -6.172252e-16
1.584893e+00  -4.988015e-16
1.995262e+00  -3.687143e-16
2.511886e+00  -3.278970e-16
3.162278e+00  -2.150472e-16
3.981072e+00  -2.016737e-16
5.011872e+00  -1.520390e-16
6.309573e+00  -1.288746e-16
7.943282e+00  -8.028767e-17
1.000000e+01  -9.153110e-17
1.258925e+01  -2.365334e-17
1.584893e+01  -5.275300e-17
1.995262e+01  -3.390436e-17
2.511886e+01  -1.898496e-17
3.162278e+01  -1.912957e-17
3.981072e+01  -1.990549e-17
5.011872e+01  -1.096283e-17
6.309573e+01  -1.045618e-17
7.943282e+01  -7.299249e-18
1.000000e+02  -8.400908e-18
