I0=1.000000e+00 a=1.000000e+01
每层厚度分别为：4.000000e+01	4.000000e+01	1.000000e+20	
每层电导率分别为：1.000000e-02	1.000000e-02	1.000000e-02	
正演数据：
1.000000e-04  4.982476e-08
1.258925e-04  2.803146e-08
1.584893e-04  1.576903e-08
1.995262e-04  8.870158e-09
2.511886e-04  4.989210e-09
3.162278e-04  2.806154e-09
3.981072e-04  1.578247e-09
5.011872e-04  8.876166e-10
6.309573e-04  4.991896e-10
7.943282e-04  2.807352e-10
1.000000e-03  1.578781e-10
1.258925e-03  8.878553e-11
1.584893e-03  4.992962e-11
1.995262e-03  2.807835e-11
2.511886e-03  1.578995e-11
3.162278e-03  8.879553e-12
3.981072e-03  4.993418e-12
5.011872e-03  2.808001e-12
6.309573e-03  1.579062e-12
7.943282e-03  8.879998e-13
1.000000e-02  4.993433e-13
1.258925e-02  2.808218e-13
1.584893e-02  1.579169e-13
1.995262e-02  8.880200e-14
2.511886e-02  4.993459e-14
3.162278e-02  2.808147e-14
3.981072e-02  1.579574e-14
5.011872e-02  8.879336e-15
6.309573e-02  4.993051e-15
7.943282e-02  2.806099e-15
1.000000e-01  1.578789e-15
1.258925e-01  8.879330e-16
1.584893e-01  4.998459e-16
1.995262e-01  2.809439e-16
2.511886e-01  1.585811e-16
3.162278e-01  8.859799e-17
3.981072e-01  4.968358e-17
5.011872e-01  2.810122e-17
6.309573e-01  1.611631e-17
7.943282e-01  8.968790e-18
1.000000e+00  5.133455e-18
1.258925e+00  2.854083e-18
1.584893e+00  1.580525e-18
1.995262e+00  7.995937e-19
2.511886e+00  5.237054e-19
3.162278e+00  2.969916e-19
3.981072e+00  1.911998e-19
5.011872e+00  8.106269e-20
6.309573e+00  4.720364e-20
7.943282e+00  2.557373e-20
1.000000e+01  3.021599e-20
1.258925e+01  1.381499e-20
1.584893e+01  1.109963e-20
1.995262e+01  7.051464e-21
2.511886e+01  1.347064e-23
3.162278e+01  4.913230e-21
3.981072e+01  -2.387132e-21
5.011872e+01  6.309740e-22
6.309573e+01  8.074923e-24
7.943282e+01  4.868353e-22
1.000000e+02  1.645433e-21
