I0=1.000000e+00 a=1.000000e+01
每层厚度分别为：4.000000e+01	4.000000e+01	1.000000e+20	
每层电导率分别为：1.000000e-02	1.000000e-02	1.000000e-02	
正演数据：
1.000000e-04  4.982477e-08
1.258925e-04  2.803146e-08
1.584893e-04  1.576903e-08
1.995262e-04  8.870158e-09
2.511886e-04  4.989211e-09
3.162278e-04  2.806155e-09
3.981072e-04  1.578247e-09
5.011872e-04  8.876163e-10
6.309573e-04  4.991895e-10
7.943282e-04  2.807355e-10
1.000000e-03  1.578784e-10
1.258925e-03  8.878567e-11
1.584893e-03  4.992966e-11
1.995262e-03  2.807836e-11
2.511886e-03  1.579002e-11
3.162278e-03  8.879549e-12
3.981072e-03  4.993439e-12
5.011872e-03  2.808044e-12
6.309573e-03  1.579071e-12
7.943282e-03  8.879840e-13
1.000000e-02  4.993617e-13
1.258925e-02  2.808218e-13
1.584893e-02  1.579239e-13
1.995262e-02  8.880216e-14
2.511886e-02  4.994431e-14
3.162278e-02  2.808575e-14
3.981072e-02  1.579323e-14
5.011872e-02  8.879999e-15
6.309573e-02  4.993768e-15
7.943282e-02  2.809593e-15
1.000000e-01  1.579842e-15
1.258925e-01  8.884236e-16
1.584893e-01  5.001259e-16
1.995262e-01  2.814615e-16
2.511886e-01  1.590139e-16
3.162278e-01  8.904024e-17
3.981072e-01  5.011151e-17
5.011872e-01  2.830008e-17
6.309573e-01  1.599395e-17
7.943282e-01  9.056441e-18
1.000000e+00  5.059082e-18
1.258925e+00  2.941045e-18
1.584893e+00  1.648098e-18
1.995262e+00  8.507423e-19
2.511886e+00  5.158751e-19
3.162278e+00  3.499637e-19
3.981072e+00  1.726211e-19
5.011872e+00  1.073669e-19
6.309573e+00  6.142474e-20
7.943282e+00  3.254752e-20
1.000000e+01  2.816452e-20
1.258925e+01  2.555560e-20
1.584893e+01  9.509517e-21
1.995262e+01  9.920108e-21
2.511886e+01  4.915479e-21
3.162278e+01  5.865284e-21
3.981072e+01  2.200432e-21
5.011872e+01  3.627456e-21
6.309573e+01  9.006564e-22
7.943282e+01  1.839229e-21
1.000000e+02  1.219796e-21
