I0=1.000000e+00 r=1.000000e-01
每层厚度分别为：4.000000e+01	4.000000e+01	1.000000e+20	
每层电导率分别为：1.000000e+00	1.000000e-01	1.000000e-02	
正演数据：
1.000000e-05  3.000762e-06
1.258925e-05  3.000762e-06
1.584893e-05  3.000762e-06
1.995262e-05  3.000762e-06
2.511886e-05  3.000762e-06
3.162278e-05  3.000762e-06
3.981072e-05  3.000762e-06
5.011872e-05  3.000762e-06
6.309573e-05  3.000762e-06
7.943282e-05  3.000762e-06
1.000000e-04  3.000762e-06
1.258925e-04  3.000762e-06
1.584893e-04  3.000768e-06
1.995262e-04  3.000806e-06
2.511886e-04  3.001007e-06
3.162278e-04  3.001510e-06
3.981072e-04  3.001116e-06
5.011872e-04  2.991652e-06
6.309573e-04  2.944343e-06
7.943282e-04  2.803479e-06
1.000000e-03  2.517964e-06
1.258925e-03  2.092251e-06
1.584893e-03  1.595477e-06
1.995262e-03  1.118270e-06
2.511886e-03  7.253334e-07
3.162278e-03  4.391533e-07
3.981072e-03  2.503528e-07
5.011872e-03  1.354689e-07
6.309573e-03  7.008435e-08
7.943282e-03  3.489023e-08
1.000000e-02  1.681126e-08
1.258925e-02  7.881009e-09
1.584893e-02  3.611933e-09
1.995262e-02  1.625719e-09
2.511886e-02  7.218008e-10
3.162278e-02  3.175333e-10
3.981072e-02  1.390557e-10
5.011872e-02  6.092839e-11
6.309573e-02  2.686198e-11
7.943282e-02  1.199179e-11
1.000000e-01  5.457492e-12
