I0=1.000000e+00 a=1.000000e+02
每层厚度分别为：4.000000e+01	4.000000e+01	1.000000e+20	
每层电导率分别为：1.000000e+00	1.000000e-01	1.000000e-02	
正演数据：
1.000000e-05  3.000782e-06
1.258925e-05  3.000749e-06
1.584893e-05  3.000719e-06
1.995262e-05  3.000767e-06
2.511886e-05  3.000774e-06
3.162278e-05  3.000723e-06
3.981072e-05  3.000742e-06
5.011872e-05  3.000783e-06
6.309573e-05  3.000741e-06
7.943282e-05  3.000725e-06
1.000000e-04  3.000774e-06
1.258925e-04  3.000758e-06
1.584893e-04  3.000732e-06
1.995262e-04  3.000806e-06
2.511886e-04  3.001006e-06
3.162278e-04  3.001485e-06
3.981072e-04  3.001110e-06
5.011872e-04  2.991649e-06
6.309573e-04  2.944333e-06
7.943282e-04  2.803478e-06
1.000000e-03  2.517965e-06
1.258925e-03  2.092251e-06
1.584893e-03  1.595479e-06
1.995262e-03  1.118271e-06
2.511886e-03  7.253339e-07
3.162278e-03  4.391536e-07
3.981072e-03  2.503530e-07
5.011872e-03  1.354689e-07
6.309573e-03  7.008438e-08
7.943282e-03  3.489024e-08
1.000000e-02  1.681126e-08
1.258925e-02  7.881010e-09
1.584893e-02  3.611934e-09
1.995262e-02  1.625719e-09
2.511886e-02  7.218006e-10
3.162278e-02  3.175333e-10
3.981072e-02  1.390560e-10
5.011872e-02  6.092855e-11
6.309573e-02  2.686138e-11
7.943282e-02  1.199060e-11
1.000000e-01  5.456765e-12
