I0=1.000000e+00 r=2.000000e+01
每层厚度分别为：4.000000e+01	4.000000e+01	1.000000e+20	
每层电导率分别为：1.000000e-02	1.000000e-02	1.000000e-02	
正演数据：
1.000000e-04  3.937545e-06
1.258925e-04  2.323351e-06
1.584893e-04  1.357785e-06
1.995262e-04  7.873848e-07
2.511886e-04  4.537801e-07
3.162278e-04  2.602211e-07
3.981072e-04  1.486319e-07
5.011872e-04  8.462553e-08
6.309573e-04  4.806072e-08
7.943282e-04  2.723968e-08
1.000000e-03  1.541399e-08
1.258925e-03  8.711086e-09
1.584893e-03  4.917983e-09
1.995262e-03  2.774277e-09
2.511886e-03  1.563986e-09
3.162278e-03  8.812385e-10
3.981072e-03  4.963377e-10
5.011872e-03  2.794606e-10
6.309573e-03  1.573085e-10
7.943282e-03  8.853093e-11
1.000000e-02  4.981584e-11
1.258925e-02  2.802747e-11
1.584893e-02  1.576724e-11
1.995262e-02  8.869361e-12
2.511886e-02  4.988854e-12
3.162278e-02  2.805995e-12
3.981072e-02  1.578176e-12
5.011872e-02  8.875846e-13
6.309573e-02  4.991752e-13
7.943282e-02  2.807290e-13
1.000000e-01  1.578754e-13
1.258925e-01  8.878430e-14
1.584893e-01  4.992906e-14
1.995262e-01  2.807806e-14
2.511886e-01  1.578985e-14
3.162278e-01  8.879459e-15
3.981072e-01  4.993365e-15
5.011872e-01  2.808011e-15
6.309573e-01  1.579076e-15
7.943282e-01  8.879868e-16
1.000000e+00  4.993548e-16
1.258925e+00  2.808093e-16
1.584893e+00  1.579113e-16
1.995262e+00  8.880031e-17
2.511886e+00  4.993621e-17
3.162278e+00  2.808125e-17
3.981072e+00  1.579127e-17
5.011872e+00  8.880096e-18
6.309573e+00  4.993650e-18
7.943282e+00  2.808138e-18
1.000000e+01  1.579133e-18
1.258925e+01  8.880122e-19
1.584893e+01  4.993662e-19
1.995262e+01  2.808143e-19
2.511886e+01  1.579135e-19
3.162278e+01  8.880132e-20
3.981072e+01  4.993666e-20
5.011872e+01  2.808145e-20
6.309573e+01  1.579136e-20
7.943282e+01  8.880137e-21
1.000000e+02  4.993668e-21
