I0=1.000000e+00 a=1.000000e+02
每层厚度分别为：4.000000e+01	4.000000e+01	1.000000e+20	
每层电导率分别为：1.000000e-02	1.000000e-02	1.000000e-02	
正演数据：
1.000000e-04  3.937487e-06
1.258925e-04  2.322600e-06
1.584893e-04  1.356916e-06
1.995262e-04  7.866501e-07
2.511886e-04  4.532423e-07
3.162278e-04  2.598599e-07
3.981072e-04  1.484022e-07
5.011872e-04  8.448480e-08
6.309573e-04  4.797668e-08
7.943282e-04  2.719038e-08
1.000000e-03  1.538543e-08
1.258925e-03  8.694674e-09
1.584893e-03  4.908611e-09
1.995262e-03  2.768948e-09
2.511886e-03  1.560965e-09
3.162278e-03  8.795295e-10
3.981072e-03  4.953723e-10
5.011872e-03  2.789159e-10
6.309573e-03  1.570014e-10
7.943282e-03  8.835792e-11
1.000000e-02  4.971840e-11
1.258925e-02  2.797261e-11
1.584893e-02  1.573637e-11
1.995262e-02  8.851985e-12
2.511886e-02  4.979078e-12
3.162278e-02  2.800496e-12
3.981072e-02  1.575082e-12
5.011872e-02  8.858444e-13
6.309573e-02  4.981963e-13
7.943282e-02  2.801785e-13
1.000000e-01  1.575658e-13
1.258925e-01  8.861016e-14
1.584893e-01  4.983112e-14
1.995262e-01  2.802298e-14
2.511886e-01  1.575887e-14
3.162278e-01  8.862040e-15
3.981072e-01  4.983567e-15
5.011872e-01  2.802504e-15
6.309573e-01  1.575980e-15
7.943282e-01  8.862450e-16
1.000000e+00  4.983747e-16
1.258925e+00  2.802594e-16
1.584893e+00  1.576020e-16
1.995262e+00  8.862598e-17
2.511886e+00  4.983809e-17
3.162278e+00  2.802598e-17
3.981072e+00  1.576036e-17
5.011872e+00  8.862437e-18
6.309573e+00  4.983810e-18
7.943282e+00  2.802554e-18
1.000000e+01  1.575954e-18
1.258925e+01  8.862519e-19
1.584893e+01  4.984279e-19
1.995262e+01  2.802374e-19
2.511886e+01  1.575798e-19
3.162278e+01  8.868382e-20
3.981072e+01  4.980185e-20
5.011872e+01  2.801535e-20
6.309573e+01  1.575643e-20
7.943282e+01  8.837527e-21
1.000000e+02  4.983105e-21
