I0=1.000000e+00 a=1.000000e+02
每层厚度分别为：4.000000e+01	4.000000e+01	1.000000e+20	
每层电导率分别为：1.000000e-02	1.000000e-02	1.000000e-02	
正演数据：
1.000000e-04  3.937545e-06
1.258925e-04  2.323351e-06
1.584893e-04  1.357785e-06
1.995262e-04  7.873847e-07
2.511886e-04  4.537799e-07
3.162278e-04  2.602212e-07
3.981072e-04  1.486319e-07
5.011872e-04  8.462554e-08
6.309573e-04  4.806072e-08
7.943282e-04  2.723968e-08
1.000000e-03  1.541399e-08
1.258925e-03  8.711086e-09
1.584893e-03  4.917983e-09
1.995262e-03  2.774277e-09
2.511886e-03  1.563986e-09
3.162278e-03  8.812384e-10
3.981072e-03  4.963377e-10
5.011872e-03  2.794605e-10
6.309573e-03  1.573085e-10
7.943282e-03  8.853093e-11
1.000000e-02  4.981584e-11
1.258925e-02  2.802746e-11
1.584893e-02  1.576724e-11
1.995262e-02  8.869360e-12
2.511886e-02  4.988853e-12
3.162278e-02  2.805995e-12
3.981072e-02  1.578176e-12
5.011872e-02  8.875845e-13
6.309573e-02  4.991753e-13
7.943282e-02  2.807291e-13
1.000000e-01  1.578755e-13
1.258925e-01  8.878429e-14
1.584893e-01  4.992909e-14
1.995262e-01  2.807809e-14
2.511886e-01  1.578988e-14
3.162278e-01  8.879488e-15
3.981072e-01  4.993365e-15
5.011872e-01  2.808016e-15
6.309573e-01  1.579082e-15
7.943282e-01  8.879977e-16
1.000000e+00  4.993677e-16
1.258925e+00  2.808061e-16
1.584893e+00  1.579106e-16
1.995262e+00  8.880557e-17
2.511886e+00  4.993776e-17
3.162278e+00  2.808097e-17
3.981072e+00  1.579294e-17
5.011872e+00  8.883411e-18
6.309573e+00  4.994247e-18
7.943282e+00  2.807840e-18
1.000000e+01  1.578934e-18
1.258925e+01  8.874747e-19
1.584893e+01  4.991187e-19
1.995262e+01  2.808361e-19
2.511886e+01  1.581614e-19
3.162278e+01  8.885426e-20
3.981072e+01  4.995952e-20
5.011872e+01  2.830035e-20
6.309573e+01  1.589821e-20
7.943282e+01  8.961847e-21
1.000000e+02  4.977213e-21
