1.000000e-02	
е§бнЪ§ОнЃК
1.000000e-04  4.982477e-08
1.258925e-04  2.803146e-08
1.584893e-04  1.576903e-08
1.995262e-04  8.870157e-09
2.511886e-04  4.989210e-09
3.162278e-04  2.806154e-09
3.981072e-04  1.578247e-09
5.011872e-04  8.876163e-10
6.309573e-04  4.991893e-10
7.943282e-04  2.807353e-10
1.000000e-03  1.578782e-10
1.258925e-03  8.878555e-11
1.584893e-03  4.992962e-11
1.995262e-03  2.807830e-11
2.511886e-03  1.578996e-11
3.162278e-03  8.879508e-12
3.981072e-03  4.993387e-12
5.011872e-03  2.808020e-12
6.309573e-03  1.579080e-12
7.943282e-03  8.879884e-13
1.000000e-02  4.993558e-13
1.258925e-02  2.808098e-13
1.584893e-02  1.579112e-13
1.995262e-02  8.880006e-14
2.511886e-02  4.993610e-14
3.162278e-02  2.808105e-14
3.981072e-02  1.579101e-14
5.011872e-02  8.880006e-15
6.309573e-02  4.993532e-15
7.943282e-02  2.808040e-15
1.000000e-01  1.578945e-15
1.258925e-01  8.878965e-16
1.584893e-01  4.992751e-16
1.995262e-01  2.807650e-16
2.511886e-01  1.577514e-16
3.162278e-01  8.886121e-17
3.981072e-01  4.989498e-17
5.011872e-01  2.803747e-17
6.309573e-01  1.574262e-17
7.943282e-01  8.847090e-18
1.000000e+00  4.976488e-18
1.258925e+00  2.829768e-18
1.584893e+00  1.593777e-18
1.995262e+00  8.782038e-19
2.511886e+00  5.204170e-19
3.162278e+00  2.602085e-19
3.981072e+00  1.626303e-19
5.011872e+00  6.505213e-20
6.309573e+00  3.252607e-20
7.943282e+00  1.626303e-20
1.000000e+01  8.131516e-21
1.258925e+01  8.131516e-21
1.584893e+01  0.000000e+00
1.995262e+01  -8.131516e-21
2.511886e+01  -8.131516e-21
3.162278e+01  4.065758e-21
3.981072e+01  -4.065758e-21
5.011872e+01  -4.065758e-21
6.309573e+01  -4.065758e-21
7.943282e+01  -4.065758e-21
1.000000e+02  -4.065758e-21
