I0=1.000000e+00 r=1.000000e-01
每层厚度分别为：4.000000e+01	4.000000e+01	1.000000e+20	
每层电导率分别为：1.000000e-02	1.000000e-02	1.000000e-02	
正演数据：
1.000000e-04  4.982475e-08
1.258925e-04  2.803145e-08
1.584893e-04  1.576902e-08
1.995262e-04  8.870156e-09
2.511886e-04  4.989209e-09
3.162278e-04  2.806154e-09
3.981072e-04  1.578247e-09
5.011872e-04  8.876163e-10
6.309573e-04  4.991893e-10
7.943282e-04  2.807353e-10
1.000000e-03  1.578782e-10
1.258925e-03  8.878556e-11
1.584893e-03  4.992962e-11
1.995262e-03  2.807831e-11
2.511886e-03  1.578996e-11
3.162278e-03  8.879509e-12
3.981072e-03  4.993388e-12
5.011872e-03  2.808021e-12
6.309573e-03  1.579081e-12
7.943282e-03  8.879888e-13
1.000000e-02  4.993557e-13
1.258925e-02  2.808097e-13
1.584893e-02  1.579115e-13
1.995262e-02  8.880039e-14
2.511886e-02  4.993625e-14
3.162278e-02  2.808127e-14
3.981072e-02  1.579128e-14
5.011872e-02  8.880100e-15
6.309573e-02  4.993652e-15
7.943282e-02  2.808139e-15
1.000000e-01  1.579133e-15
1.258925e-01  8.880123e-16
1.584893e-01  4.993662e-16
1.995262e-01  2.808143e-16
2.511886e-01  1.579135e-16
3.162278e-01  8.880133e-17
3.981072e-01  4.993666e-17
5.011872e-01  2.808145e-17
6.309573e-01  1.579136e-17
7.943282e-01  8.880137e-18
1.000000e+00  4.993668e-18
1.258925e+00  2.808146e-18
1.584893e+00  1.579137e-18
1.995262e+00  8.880138e-19
2.511886e+00  4.993669e-19
3.162278e+00  2.808146e-19
3.981072e+00  1.579137e-19
5.011872e+00  8.880139e-20
6.309573e+00  4.993669e-20
7.943282e+00  2.808147e-20
1.000000e+01  1.579137e-20
1.258925e+01  8.880139e-21
1.584893e+01  4.993669e-21
1.995262e+01  2.808149e-21
2.511886e+01  1.579138e-21
3.162278e+01  8.880148e-22
3.981072e+01  4.993654e-22
5.011872e+01  2.808168e-22
6.309573e+01  1.579149e-22
7.943282e+01  8.880208e-23
1.000000e+02  4.993867e-23
