I0=1.000000e+00 r=2.000000e+01
每层厚度分别为：4.000000e+01	4.000000e+01	1.000000e+20	
每层电导率分别为：1.000000e-02	1.000000e-02	1.000000e-02	
正演数据：
1.000000e-05  2.163293e-04
1.258925e-05  1.717237e-04
1.584893e-05  1.297480e-04
1.995262e-05  9.362625e-05
2.511886e-05  6.482159e-05
3.162278e-05  4.328170e-05
3.981072e-05  2.801599e-05
5.011872e-05  1.766650e-05
6.309573e-05  1.090069e-05
7.943282e-05  6.606777e-06
1.000000e-04  3.946254e-06
1.258925e-04  2.329372e-06
1.584893e-04  1.361897e-06
1.995262e-04  7.901650e-07
2.511886e-04  4.556429e-07
3.162278e-04  2.614599e-07
3.981072e-04  1.494501e-07
5.011872e-04  8.516300e-08
6.309573e-04  4.841205e-08
7.943282e-04  2.746841e-08
1.000000e-03  1.556242e-08
1.258925e-03  8.807141e-09
1.584893e-03  4.980026e-09
1.995262e-03  2.814290e-09
2.511886e-03  1.589762e-09
3.162278e-03  8.978287e-10
3.981072e-03  5.070075e-10
5.011872e-03  2.863182e-10
6.309573e-03  1.617127e-10
7.943282e-03  9.135615e-11
1.000000e-02  5.162831e-11
1.258925e-02  2.918971e-11
1.584893e-02  1.650600e-11
1.995262e-02  9.337492e-12
2.511886e-02  5.294548e-12
3.162278e-02  3.009528e-12
3.981072e-02  1.704152e-12
5.011872e-02  9.610446e-13
6.309573e-02  5.379546e-13
7.943282e-02  3.071502e-13
1.000000e-01  1.800041e-13
