I0=1.000000e+00 r=1.000000e+02
每层厚度分别为：4.000000e+01	4.000000e+01	1.000000e+20	
每层电导率分别为：1.000000e-02	1.000000e-02	1.000000e-02	
正演数据：
1.000000e-05  2.162050e-04  2.162050e-04
1.258925e-05  1.749908e-04  1.749908e-04
1.584893e-05  1.337134e-04  1.337134e-04
1.995262e-05  9.696093e-05  9.696093e-05
2.511886e-05  6.716814e-05  6.716814e-05
3.162278e-05  4.475706e-05  4.475706e-05
3.981072e-05  2.887308e-05  2.887308e-05
5.011872e-05  1.813618e-05  1.813618e-05
6.309573e-05  1.114693e-05  1.114693e-05
7.943282e-05  6.731553e-06  6.731553e-06
1.000000e-04  4.007834e-06  4.007834e-06
1.258925e-04  2.359145e-06  2.359145e-06
1.584893e-04  1.376064e-06  1.376064e-06
1.995262e-04  7.968228e-07  7.968228e-07
2.511886e-04  4.587423e-07  4.587423e-07
3.162278e-04  2.628926e-07  2.628926e-07
3.981072e-04  1.501091e-07  1.501091e-07
5.011872e-04  8.546509e-08  8.546509e-08
6.309573e-04  4.855032e-08  4.855032e-08
7.943282e-04  2.753171e-08  2.753171e-08
1.000000e-03  1.559144e-08  1.559144e-08
1.258925e-03  8.820511e-09  8.820511e-09
1.584893e-03  4.986223e-09  4.986223e-09
1.995262e-03  2.817193e-09  2.817193e-09
2.511886e-03  1.591143e-09  1.591143e-09
3.162278e-03  8.984986e-10  8.984986e-10
3.981072e-03  5.073411e-10  5.073411e-10
5.011872e-03  2.864891e-10  2.864891e-10
6.309573e-03  1.618031e-10  1.618031e-10
7.943282e-03  9.140661e-11  9.140661e-11
1.000000e-02  5.165575e-11  5.165575e-11
1.258925e-02  2.920428e-11  2.920428e-11
1.584893e-02  1.651951e-11  1.651951e-11
1.995262e-02  9.349881e-12  9.349881e-12
2.511886e-02  5.295539e-12  5.295539e-12
3.162278e-02  3.001562e-12  3.001562e-12
3.981072e-02  1.702775e-12  1.702775e-12
5.011872e-02  9.669007e-13  9.669007e-13
6.309573e-02  5.496237e-13  5.496237e-13
7.943282e-02  3.127917e-13  3.127917e-13
1.000000e-01  1.782382e-13  1.782382e-13
