I0=1.000000e+00 r=2.000000e+01
每层厚度分别为：4.000000e+01	4.000000e+01	1.000000e+10	
每层电导率分别为：1.000000e-02	1.000000e-02	1.000000e-02	
正演数据：
1.000000e-05  2.163293e-04
1.258925e-05  1.717236e-04
1.584893e-05  1.297481e-04
1.995262e-05  9.362626e-05
2.511886e-05  6.482157e-05
3.162278e-05  4.328170e-05
3.981072e-05  2.801600e-05
5.011872e-05  1.766650e-05
6.309573e-05  1.090069e-05
7.943282e-05  6.606777e-06
1.000000e-04  3.946254e-06
1.258925e-04  2.329372e-06
1.584893e-04  1.361897e-06
1.995262e-04  7.901650e-07
2.511886e-04  4.556429e-07
3.162278e-04  2.614599e-07
3.981072e-04  1.494501e-07
5.011872e-04  8.516300e-08
6.309573e-04  4.841204e-08
7.943282e-04  2.746840e-08
1.000000e-03  1.556241e-08
1.258925e-03  8.807139e-09
1.584893e-03  4.980023e-09
1.995262e-03  2.814288e-09
2.511886e-03  1.589760e-09
3.162278e-03  8.978273e-10
3.981072e-03  5.070065e-10
5.011872e-03  2.863172e-10
6.309573e-03  1.617118e-10
7.943282e-03  9.135645e-11
1.000000e-02  5.162732e-11
1.258925e-02  2.918773e-11
1.584893e-02  1.650966e-11
1.995262e-02  9.343920e-12
2.511886e-02  5.291886e-12
3.162278e-02  2.999303e-12
3.981072e-02  1.701369e-12
5.011872e-02  9.660214e-13
6.309573e-02  5.490724e-13
7.943282e-02  3.124452e-13
1.000000e-01  1.780202e-13
