I0=1.000000e+00 r=1.000000e-01
每层厚度分别为：4.000000e+01	4.000000e+01	1.000000e+20	
每层电导率分别为：1.000000e-01	1.000000e-01	1.000000e-01	
正演数据：
1.000000e-05  2.999204e-05
1.496236e-05  2.999694e-05
2.238721e-05  2.999825e-05
3.349654e-05  2.993565e-05
5.011872e-05  2.915610e-05
7.498942e-05  2.590317e-05
1.122018e-04  1.958649e-05
1.678804e-04  1.238911e-05
2.511886e-04  6.711380e-06
3.758374e-04  3.226940e-06
5.623413e-04  1.423240e-06
8.413951e-04  5.908713e-07
1.258925e-03  2.353039e-07
1.883649e-03  9.108741e-08
2.818383e-03  3.459107e-08
4.216965e-03  1.296774e-08
6.309573e-03  4.819461e-09
9.440609e-03  1.780769e-09
1.412538e-02  6.554284e-10
2.113489e-02  2.406084e-10
3.162278e-02  8.817367e-11
4.731513e-02  3.227457e-11
7.079458e-02  1.180438e-11
1.059254e-01  4.315189e-12
1.584893e-01  1.576903e-12
2.371374e-01  5.761145e-13
3.548134e-01  2.104481e-13
5.308844e-01  7.686634e-14
7.943282e-01  2.807353e-14
1.188502e+00  1.025269e-14
1.778279e+00  3.744251e-15
2.660725e+00  1.367361e-15
3.981072e+00  4.993388e-16
5.956621e+00  1.823490e-16
8.912509e+00  6.658997e-17
1.333521e+01  2.431714e-17
1.995262e+01  8.880039e-18
2.985383e+01  3.242773e-18
4.466836e+01  1.184180e-18
6.683439e+01  4.324325e-19
1.000000e+02  1.579133e-19
