I0=1.000000e+00 r=1.000000e+01
每层厚度分别为：4.000000e+01	4.000000e+01	1.000000e+20	
每层电导率分别为：1.000000e-02	1.000000e-02	1.000000e-02	
正演数据：
1.000000e-05  2.163524e-04
1.258925e-05  1.742207e-04
1.584893e-05  1.327326e-04
1.995262e-05  9.612514e-05
2.511886e-05  6.657731e-05
3.162278e-05  4.438509e-05
3.981072e-05  2.865702e-05
5.011872e-05  1.801787e-05
6.309573e-05  1.108497e-05
7.943282e-05  6.700184e-06
1.000000e-04  3.992368e-06
1.258925e-04  2.351673e-06
1.584893e-04  1.372511e-06
1.995262e-04  7.951542e-07
2.511886e-04  4.579659e-07
3.162278e-04  2.625339e-07
3.981072e-04  1.499441e-07
5.011872e-04  8.538950e-08
6.309573e-04  4.851573e-08
7.943282e-04  2.751588e-08
1.000000e-03  1.558419e-08
1.258925e-03  8.817178e-09
1.584893e-03  4.984684e-09
1.995262e-03  2.816477e-09
2.511886e-03  1.590805e-09
3.162278e-03  8.983345e-10
3.981072e-03  5.072564e-10
5.011872e-03  2.864439e-10
6.309573e-03  1.617809e-10
7.943282e-03  9.139317e-11
1.000000e-02  5.164779e-11
1.258925e-02  2.920260e-11
1.584893e-02  1.651503e-11
1.995262e-02  9.343219e-12
2.511886e-02  5.296925e-12
3.162278e-02  3.009913e-12
3.981072e-02  1.706458e-12
5.011872e-02  9.607520e-13
6.309573e-02  5.392144e-13
7.943282e-02  3.072402e-13
1.000000e-01  1.800509e-13
