I0=1.000000e+00 r=1.000000e-01
每层厚度分别为：4.000000e+01	4.000000e+01	1.000000e+20	
每层电导率分别为：1.000000e-02	1.000000e-02	1.000000e-02	
正演数据：
1.000000e-05  2.162049e-04
1.258925e-05  1.749908e-04
1.584893e-05  1.337133e-04
1.995262e-05  9.696082e-05
2.511886e-05  6.716810e-05
3.162278e-05  4.475702e-05
3.981072e-05  2.887305e-05
5.011872e-05  1.813617e-05
6.309573e-05  1.114692e-05
7.943282e-05  6.731550e-06
1.000000e-04  4.007833e-06
1.258925e-04  2.359144e-06
1.584893e-04  1.376064e-06
1.995262e-04  7.968226e-07
2.511886e-04  4.587422e-07
3.162278e-04  2.628926e-07
3.981072e-04  1.501091e-07
5.011872e-04  8.546508e-08
6.309573e-04  4.855032e-08
7.943282e-04  2.753171e-08
1.000000e-03  1.559144e-08
1.258925e-03  8.820510e-09
1.584893e-03  4.986222e-09
1.995262e-03  2.817192e-09
2.511886e-03  1.591141e-09
3.162278e-03  8.984981e-10
3.981072e-03  5.073415e-10
5.011872e-03  2.864899e-10
6.309573e-03  1.618029e-10
7.943282e-03  9.140547e-11
1.000000e-02  5.165677e-11
1.258925e-02  2.920652e-11
1.584893e-02  1.651685e-11
1.995262e-02  9.344655e-12
2.511886e-02  5.297673e-12
3.162278e-02  3.010474e-12
3.981072e-02  1.707005e-12
5.011872e-02  9.608584e-13
6.309573e-02  5.394419e-13
7.943282e-02  3.072159e-13
1.000000e-01  1.800803e-13
