I0=1.000000e+00 r=1.000000e+01
每层厚度分别为：4.000000e+01	4.000000e+01	1.000000e+10	
每层电导率分别为：1.000000e-02	1.000000e-02	1.000000e-02	
正演数据：
1.000000e-05  2.163526e-04
1.258925e-05  1.742206e-04
1.584893e-05  1.327327e-04
1.995262e-05  9.612516e-05
2.511886e-05  6.657730e-05
3.162278e-05  4.438509e-05
3.981072e-05  2.865702e-05
5.011872e-05  1.801787e-05
6.309573e-05  1.108497e-05
7.943282e-05  6.700185e-06
1.000000e-04  3.992368e-06
1.258925e-04  2.351673e-06
1.584893e-04  1.372511e-06
1.995262e-04  7.951542e-07
2.511886e-04  4.579659e-07
3.162278e-04  2.625339e-07
3.981072e-04  1.499441e-07
5.011872e-04  8.538949e-08
6.309573e-04  4.851573e-08
7.943282e-04  2.751587e-08
1.000000e-03  1.558418e-08
1.258925e-03  8.817168e-09
1.584893e-03  4.984674e-09
1.995262e-03  2.816468e-09
2.511886e-03  1.590798e-09
3.162278e-03  8.983311e-10
3.981072e-03  5.072576e-10
5.011872e-03  2.864462e-10
6.309573e-03  1.617804e-10
7.943282e-03  9.139413e-11
1.000000e-02  5.164867e-11
1.258925e-02  2.920016e-11
1.584893e-02  1.651706e-11
1.995262e-02  9.348399e-12
2.511886e-02  5.294631e-12
3.162278e-02  3.001001e-12
3.981072e-02  1.702425e-12
5.011872e-02  9.666821e-13
6.309573e-02  5.494867e-13
7.943282e-02  3.127056e-13
1.000000e-01  1.781840e-13
