I0=1.000000e+00 a=1.000000e+01
每层厚度分别为：4.000000e+01	4.000000e+01	1.000000e+20	
每层电导率分别为：1.000000e-02	1.000000e-02	1.000000e-02	
正演数据：
1.000000e-04  4.972729e-08
1.258925e-04  2.797658e-08
1.584893e-04  1.573814e-08
1.995262e-04  8.852780e-09
2.511886e-04  4.979433e-09
3.162278e-04  2.800654e-09
3.981072e-04  1.575153e-09
5.011872e-04  8.858761e-10
6.309573e-04  4.982105e-10
7.943282e-04  2.801848e-10
1.000000e-03  1.575686e-10
1.258925e-03  8.861143e-11
1.584893e-03  4.983169e-11
1.995262e-03  2.802322e-11
2.511886e-03  1.575899e-11
3.162278e-03  8.862089e-12
3.981072e-03  4.983595e-12
5.011872e-03  2.802511e-12
6.309573e-03  1.575985e-12
7.943282e-03  8.862483e-13
1.000000e-02  4.983753e-13
1.258925e-02  2.802573e-13
1.584893e-02  1.576025e-13
1.995262e-02  8.862459e-14
2.511886e-02  4.983834e-14
3.162278e-02  2.802537e-14
3.981072e-02  1.576024e-14
5.011872e-02  8.862703e-15
6.309573e-02  4.984213e-15
7.943282e-02  2.802548e-15
1.000000e-01  1.576184e-15
1.258925e-01  8.861626e-16
1.584893e-01  4.983693e-16
1.995262e-01  2.801158e-16
2.511886e-01  1.575522e-16
3.162278e-01  8.859374e-17
3.981072e-01  4.983478e-17
5.011872e-01  2.806218e-17
6.309573e-01  1.578751e-17
7.943282e-01  8.880712e-18
1.000000e+00  4.978837e-18
1.258925e+00  2.810414e-18
1.584893e+00  1.571538e-18
1.995262e+00  8.932050e-19
2.511886e+00  5.000011e-19
3.162278e+00  2.769810e-19
3.981072e+00  1.624642e-19
5.011872e+00  8.796336e-20
6.309573e+00  5.225808e-20
7.943282e+00  2.962530e-20
1.000000e+01  1.542564e-20
1.258925e+01  9.157842e-21
1.584893e+01  4.898268e-21
1.995262e+01  2.713614e-21
2.511886e+01  1.610930e-21
3.162278e+01  5.868096e-22
3.981072e+01  3.631078e-22
5.011872e+01  3.599218e-22
6.309573e+01  2.448687e-22
7.943282e+01  1.176642e-22
1.000000e+02  4.128219e-23
