I0=1.000000e+00 a=5.000000e+01
每层厚度分别为：4.000000e+01	4.000000e+01	1.000000e+20	
每层电导率分别为：1.000000e-02	1.000000e-02	1.000000e-02	
正演数据：
1.000000e-04  1.178591e-06
1.258925e-04  6.703562e-07
1.584893e-04  3.803987e-07
1.995262e-04  2.154609e-07
2.511886e-04  1.218591e-07
3.162278e-04  6.883953e-08
3.981072e-04  3.885189e-08
5.011872e-04  2.191108e-08
6.309573e-04  1.234976e-08
7.943282e-04  6.957438e-09
1.000000e-03  3.918120e-09
1.258925e-03  2.205855e-09
1.584893e-03  1.241577e-09
1.995262e-03  6.986971e-10
2.511886e-03  3.931329e-10
3.162278e-03  2.211762e-10
3.981072e-03  1.244218e-10
5.011872e-03  6.998774e-11
6.309573e-03  3.936604e-11
7.943282e-03  2.214119e-11
1.000000e-02  1.245271e-11
1.258925e-02  7.003479e-12
1.584893e-02  3.938706e-12
1.995262e-02  2.215058e-12
2.511886e-02  1.245690e-12
3.162278e-02  7.005355e-13
3.981072e-02  3.939545e-13
5.011872e-02  2.215432e-13
6.309573e-02  1.245858e-13
7.943282e-02  7.006106e-14
1.000000e-01  3.939877e-14
1.258925e-01  2.215579e-14
1.584893e-01  1.245924e-14
1.995262e-01  7.006415e-15
2.511886e-01  3.940009e-15
3.162278e-01  2.215649e-15
3.981072e-01  1.245943e-15
5.011872e-01  7.006554e-16
6.309573e-01  3.940094e-16
7.943282e-01  2.215687e-16
1.000000e+00  1.245966e-16
1.258925e+00  7.006572e-17
1.584893e+00  3.940111e-17
1.995262e+00  2.215523e-17
2.511886e+00  1.245969e-17
3.162278e+00  7.006240e-18
3.981072e+00  3.939803e-18
5.011872e+00  2.215069e-18
6.309573e+00  1.246179e-18
7.943282e+00  7.003651e-19
1.000000e+01  3.946462e-19
1.258925e+01  2.214378e-19
1.584893e+01  1.247148e-19
1.995262e+01  7.037624e-20
2.511886e+01  3.959592e-20
3.162278e+01  2.200709e-20
3.981072e+01  1.241060e-20
5.011872e+01  6.865426e-21
6.309573e+01  3.875467e-21
7.943282e+01  2.246554e-21
1.000000e+02  1.310642e-21
