I0=1.000000e+00 a=2.000000e+01
每层厚度分别为：4.000000e+01	4.000000e+01	1.000000e+20	
每层电导率分别为：1.000000e-02	1.000000e-02	1.000000e-02	
正演数据：
1.000000e-04  1.975795e-07
1.258925e-04  1.113115e-07
1.584893e-04  6.268658e-08
1.995262e-04  3.529219e-08
2.511886e-04  1.986457e-08
3.162278e-04  1.117886e-08
3.981072e-04  6.289993e-09
5.011872e-04  3.538759e-09
6.309573e-04  1.990722e-09
7.943282e-04  1.119792e-09
1.000000e-03  6.298513e-10
1.258925e-03  3.542567e-10
1.584893e-03  1.992423e-10
1.995262e-03  1.120552e-10
2.511886e-03  6.301909e-11
3.162278e-03  3.544083e-11
3.981072e-03  1.993101e-11
5.011872e-03  1.120855e-11
6.309573e-03  6.303262e-12
7.943282e-03  3.544689e-12
1.000000e-02  1.993372e-12
1.258925e-02  1.120976e-12
1.584893e-02  6.303802e-13
1.995262e-02  3.544932e-13
2.511886e-02  1.993472e-13
3.162278e-02  1.121023e-13
3.981072e-02  6.304010e-14
5.011872e-02  3.545030e-14
6.309573e-02  1.993511e-14
7.943282e-02  1.121032e-14
1.000000e-01  6.304130e-15
1.258925e-01  3.545145e-15
1.584893e-01  1.993524e-15
1.995262e-01  1.121075e-15
2.511886e-01  6.304382e-16
3.162278e-01  3.544966e-16
3.981072e-01  1.993586e-16
5.011872e-01  1.121492e-16
6.309573e-01  6.301310e-17
7.943282e-01  3.543519e-17
1.000000e+00  1.992768e-17
1.258925e+00  1.118719e-17
1.584893e+00  6.298216e-18
1.995262e+00  3.544393e-18
2.511886e+00  1.997057e-18
3.162278e+00  1.122689e-18
3.981072e+00  6.270316e-19
5.011872e+00  3.551278e-19
6.309573e+00  2.010320e-19
7.943282e+00  1.102167e-19
1.000000e+01  6.284976e-20
1.258925e+01  3.558160e-20
1.584893e+01  2.149031e-20
1.995262e+01  1.125358e-20
2.511886e+01  6.218351e-21
3.162278e+01  3.302420e-21
3.981072e+01  2.064854e-21
5.011872e+01  1.266386e-21
6.309573e+01  5.920898e-22
7.943282e+01  3.156865e-22
1.000000e+02  1.519811e-22
