I0=1.000000e+00 a=8.000000e+00
每层厚度分别为：4.000000e+01	4.000000e+01	1.000000e+20	
每层电导率分别为：1.000000e-02	1.000000e-02	1.000000e-02	
正演数据：
1.000000e-04  3.185112e-08
1.258925e-04  1.791648e-08
1.584893e-04  1.007753e-08
1.995262e-04  5.668068e-09
2.511886e-04  3.187860e-09
3.162278e-04  1.792875e-09
3.981072e-04  1.008302e-09
5.011872e-04  5.670518e-10
6.309573e-04  3.188954e-10
7.943282e-04  1.793364e-10
1.000000e-03  1.008520e-10
1.258925e-03  5.671495e-11
1.584893e-03  3.189391e-11
1.995262e-03  1.793560e-11
2.511886e-03  1.008608e-11
3.162278e-03  5.671877e-12
3.981072e-03  3.189562e-12
5.011872e-03  1.793633e-12
6.309573e-03  1.008643e-12
7.943282e-03  5.672034e-13
1.000000e-02  3.189630e-13
1.258925e-02  1.793672e-13
1.584893e-02  1.008669e-13
1.995262e-02  5.672090e-14
2.511886e-02  3.189745e-14
3.162278e-02  1.793705e-14
3.981072e-02  1.008771e-14
5.011872e-02  5.672408e-15
6.309573e-02  3.190039e-15
7.943282e-02  1.793548e-15
1.000000e-01  1.008778e-15
1.258925e-01  5.668751e-16
1.584893e-01  3.191478e-16
1.995262e-01  1.793333e-16
2.511886e-01  1.007575e-16
3.162278e-01  5.679003e-17
3.981072e-01  3.195396e-17
5.011872e-01  1.785440e-17
6.309573e-01  1.004994e-17
7.943282e-01  5.663249e-18
1.000000e+00  3.212504e-18
1.258925e+00  1.768041e-18
1.584893e+00  1.009948e-18
1.995262e+00  5.596299e-19
2.511886e+00  3.186983e-19
3.162278e+00  1.744488e-19
3.981072e+00  1.068105e-19
5.011872e+00  5.384691e-20
6.309573e+00  3.250664e-20
7.943282e+00  1.649700e-20
1.000000e+01  9.218327e-21
1.258925e+01  5.207698e-21
1.584893e+01  2.920221e-21
1.995262e+01  1.464013e-21
2.511886e+01  8.320425e-22
3.162278e+01  7.121853e-22
3.981072e+01  4.007532e-22
5.011872e+01  5.137856e-23
6.309573e+01  3.066256e-23
7.943282e+01  6.003274e-24
1.000000e+02  8.855916e-24
