I0=1.000000e+00 a=2.000000e+01
每层厚度分别为：4.000000e+01	4.000000e+01	1.000000e+20	
每层电导率分别为：1.000000e-02	1.000000e-02	1.000000e-02	
正演数据：
1.000000e-04  1.980518e-07
1.258925e-04  1.115784e-07
1.584893e-04  6.283716e-08
1.995262e-04  3.537710e-08
2.511886e-04  1.991241e-08
3.162278e-04  1.120580e-08
3.981072e-04  6.305165e-09
5.011872e-04  3.547299e-09
6.309573e-04  1.995527e-09
7.943282e-04  1.122496e-09
1.000000e-03  6.313725e-10
1.258925e-03  3.551124e-10
1.584893e-03  1.997237e-10
1.995262e-03  1.123259e-10
2.511886e-03  6.317136e-11
3.162278e-03  3.552648e-11
3.981072e-03  1.997918e-11
5.011872e-03  1.123564e-11
6.309573e-03  6.318505e-12
7.943282e-03  3.553249e-12
1.000000e-02  1.998190e-12
1.258925e-02  1.123686e-12
1.584893e-02  6.319044e-13
1.995262e-02  3.553490e-13
2.511886e-02  1.998301e-13
3.162278e-02  1.123746e-13
3.981072e-02  6.319293e-14
5.011872e-02  3.553555e-14
6.309573e-02  1.998348e-14
7.943282e-02  1.123734e-14
1.000000e-01  6.319570e-15
1.258925e-01  3.553557e-15
1.584893e-01  1.998364e-15
1.995262e-01  1.123706e-15
2.511886e-01  6.319455e-16
3.162278e-01  3.553815e-16
3.981072e-01  1.998596e-16
5.011872e-01  1.124887e-16
6.309573e-01  6.316623e-17
7.943282e-01  3.551755e-17
1.000000e+00  1.994836e-17
1.258925e+00  1.120937e-17
1.584893e+00  6.309070e-18
1.995262e+00  3.555796e-18
2.511886e+00  2.003160e-18
3.162278e+00  1.120916e-18
3.981072e+00  6.250114e-19
5.011872e+00  3.610045e-19
6.309573e+00  2.026138e-19
7.943282e+00  1.100220e-19
1.000000e+01  6.191002e-20
1.258925e+01  3.790769e-20
1.584893e+01  2.271497e-20
1.995262e+01  1.100080e-20
2.511886e+01  6.462173e-21
3.162278e+01  2.259997e-21
3.981072e+01  2.594245e-21
5.011872e+01  1.405170e-21
6.309573e+01  5.803554e-22
7.943282e+01  4.808551e-22
1.000000e+02  7.587768e-23
