I0=1.000000e+00 a=6.000000e+00
每层厚度分别为：4.000000e+01	4.000000e+01	1.000000e+20	
每层电导率分别为：1.000000e-02	1.000000e-02	1.000000e-02	
正演数据：
1.000000e-04  1.792749e-08
1.258925e-04  1.008304e-08
1.584893e-04  5.670856e-09
1.995262e-04  3.189290e-09
2.511886e-04  1.793619e-09
3.162278e-04  1.008692e-09
3.981072e-04  5.672593e-10
5.011872e-04  3.190065e-10
6.309573e-04  1.793965e-10
7.943282e-04  1.008847e-10
1.000000e-03  5.673283e-11
1.258925e-03  3.190375e-11
1.584893e-03  1.794102e-11
1.995262e-03  1.008910e-11
2.511886e-03  5.673568e-12
3.162278e-03  3.190494e-12
3.981072e-03  1.794162e-12
5.011872e-03  1.008929e-12
6.309573e-03  5.673662e-13
7.943282e-03  3.190591e-13
1.000000e-02  1.794179e-13
1.258925e-02  1.008972e-13
1.584893e-02  5.673460e-14
1.995262e-02  3.190467e-14
2.511886e-02  1.794400e-14
3.162278e-02  1.009155e-14
3.981072e-02  5.673635e-15
5.011872e-02  3.191023e-15
6.309573e-02  1.794151e-15
7.943282e-02  1.008599e-15
1.000000e-01  5.677054e-16
1.258925e-01  3.190821e-16
1.584893e-01  1.793810e-16
1.995262e-01  1.010196e-16
2.511886e-01  5.662629e-17
3.162278e-01  3.188651e-17
3.981072e-01  1.800262e-17
5.011872e-01  1.010711e-17
6.309573e-01  5.633491e-18
7.943282e-01  3.156419e-18
1.000000e+00  1.763663e-18
1.258925e+00  9.873197e-19
1.584893e+00  5.812933e-19
1.995262e+00  3.129328e-19
2.511886e+00  1.731234e-19
3.162278e+00  1.011191e-19
3.981072e+00  5.930874e-20
5.011872e+00  3.365975e-20
6.309573e+00  1.665711e-20
7.943282e+00  1.047657e-20
1.000000e+01  5.400746e-21
1.258925e+01  3.294312e-21
1.584893e+01  1.686627e-21
1.995262e+01  1.197705e-21
2.511886e+01  4.729733e-22
3.162278e+01  1.930182e-22
3.981072e+01  3.627655e-22
5.011872e+01  9.242704e-23
6.309573e+01  5.484712e-23
7.943282e+01  -1.406481e-23
1.000000e+02  1.934677e-23
