I0=1.000000e+00 a=3.000000e+01
每层厚度分别为：4.000000e+01	4.000000e+01	1.000000e+20	
每层电导率分别为：1.000000e-02	1.000000e-02	1.000000e-02	
正演数据：
1.000000e-04  4.396243e-07
1.258925e-04  2.482406e-07
1.584893e-04  1.400545e-07
1.995262e-04  7.896401e-08
2.511886e-04  4.449683e-08
3.162278e-04  2.506365e-08
3.981072e-04  1.411278e-08
5.011872e-04  7.944456e-09
6.309573e-04  4.471188e-09
7.943282e-04  2.515985e-09
1.000000e-03  1.415580e-09
1.258925e-03  7.963691e-10
1.584893e-03  4.479787e-10
1.995262e-03  2.519828e-10
2.511886e-03  1.417298e-10
3.162278e-03  7.971366e-11
3.981072e-03  4.483216e-11
5.011872e-03  2.521360e-11
6.309573e-03  1.417982e-11
7.943282e-03  7.974424e-12
1.000000e-02  4.484582e-12
1.258925e-02  2.521971e-12
1.584893e-02  1.418255e-12
1.995262e-02  7.975641e-13
2.511886e-02  4.485122e-13
3.162278e-02  2.522215e-13
3.981072e-02  1.418363e-13
5.011872e-02  7.976141e-14
6.309573e-02  4.485339e-14
7.943282e-02  2.522300e-14
1.000000e-01  1.418400e-14
1.258925e-01  7.976292e-15
1.584893e-01  4.485455e-15
1.995262e-01  2.522392e-15
2.511886e-01  1.418427e-15
3.162278e-01  7.976189e-16
3.981072e-01  4.485406e-16
5.011872e-01  2.522585e-16
6.309573e-01  1.418511e-16
7.943282e-01  7.977219e-17
1.000000e+00  4.485464e-17
1.258925e+00  2.522676e-17
1.584893e+00  1.418436e-17
1.995262e+00  7.972278e-18
2.511886e+00  4.484883e-18
3.162278e+00  2.523337e-18
3.981072e+00  1.420325e-18
5.011872e+00  7.972797e-19
6.309573e+00  4.475266e-19
7.943282e+00  2.522276e-19
1.000000e+01  1.417410e-19
1.258925e+01  7.966847e-20
1.584893e+01  4.465393e-20
1.995262e+01  2.563935e-20
2.511886e+01  1.425890e-20
3.162278e+01  7.817451e-21
3.981072e+01  4.617218e-21
5.011872e+01  2.612287e-21
6.309573e+01  1.475366e-21
7.943282e+01  7.463785e-22
1.000000e+02  5.061497e-22
