I0=1.000000e+00 a=1.000000e+02
每层厚度分别为：4.000000e+01	4.000000e+01	1.000000e+20	
每层电导率分别为：1.000000e-02	1.000000e-02	1.000000e-02	
正演数据：
1.000000e-04  3.998923e-06
1.258925e-04  2.352170e-06
1.584893e-04  1.370921e-06
1.995262e-04  7.932022e-07
2.511886e-04  4.562798e-07
3.162278e-04  2.612580e-07
3.981072e-04  1.490421e-07
5.011872e-04  8.477637e-08
6.309573e-04  4.810904e-08
7.943282e-04  2.725028e-08
1.000000e-03  1.541247e-08
1.258925e-03  8.706859e-09
1.584893e-03  4.914092e-09
1.995262e-03  2.771410e-09
2.511886e-03  1.562070e-09
3.162278e-03  8.800246e-10
3.981072e-03  4.955941e-10
5.011872e-03  2.790152e-10
6.309573e-03  1.570458e-10
7.943282e-03  8.837780e-11
1.000000e-02  4.972729e-11
1.258925e-02  2.797658e-11
1.584893e-02  1.573814e-11
1.995262e-02  8.852780e-12
2.511886e-02  4.979433e-12
3.162278e-02  2.800654e-12
3.981072e-02  1.575153e-12
5.011872e-02  8.858761e-13
6.309573e-02  4.982105e-13
7.943282e-02  2.801848e-13
1.000000e-01  1.575686e-13
1.258925e-01  8.861142e-14
1.584893e-01  4.983167e-14
1.995262e-01  2.802324e-14
2.511886e-01  1.575899e-14
3.162278e-01  8.862089e-15
3.981072e-01  4.983588e-15
5.011872e-01  2.802518e-15
6.309573e-01  1.575983e-15
7.943282e-01  8.862485e-16
1.000000e+00  4.983772e-16
1.258925e+00  2.802601e-16
1.584893e+00  1.576018e-16
1.995262e+00  8.862643e-17
2.511886e+00  4.983903e-17
3.162278e+00  2.802614e-17
3.981072e+00  1.576055e-17
5.011872e+00  8.862525e-18
6.309573e+00  4.983588e-18
7.943282e+00  2.802633e-18
1.000000e+01  1.576113e-18
1.258925e+01  8.862600e-19
1.584893e+01  4.984423e-19
1.995262e+01  2.802691e-19
2.511886e+01  1.575726e-19
3.162278e+01  8.852979e-20
3.981072e+01  4.980865e-20
5.011872e+01  2.797383e-20
6.309573e+01  1.579978e-20
7.943282e+01  8.861004e-21
1.000000e+02  4.973704e-21
