I0=1.000000e+00 r=1.000000e-02
每层厚度分别为：1.000000e+02	1.000000e+01	1.000000e+02	
每层电导率分别为：1.000000e-02	1.000000e-02	1.000000e-02	
正演数据：
1.000000e-06  2.999041e-04
1.258925e-06  2.999402e-04
1.584893e-06  2.999570e-04
1.995262e-06  2.999693e-04
2.511886e-06  2.999362e-04
3.162278e-06  2.995797e-04
3.981072e-06  2.977341e-04
5.011872e-06  2.915509e-04
6.309573e-06  2.770701e-04
7.943282e-06  2.516339e-04
1.000000e-05  2.161782e-04
1.258925e-05  1.750301e-04
1.584893e-05  1.336263e-04
1.995262e-05  9.689312e-05
2.511886e-05  6.711630e-05
3.162278e-05  4.471897e-05
3.981072e-05  2.884677e-05
5.011872e-05  1.811994e-05
6.309573e-05  1.114195e-05
7.943282e-05  6.718177e-06
1.000000e-04  3.998128e-06
1.258925e-04  2.353078e-06
1.584893e-04  1.372121e-06
1.995262e-04  7.942276e-07
2.511886e-04  4.570276e-07
3.162278e-04  2.617598e-07
3.981072e-04  1.493620e-07
5.011872e-04  8.497357e-08
6.309573e-04  4.822787e-08
7.943282e-04  2.732075e-08
1.000000e-03  1.545379e-08
1.258925e-03  8.730881e-09
1.584893e-03  4.927973e-09
1.995262e-03  2.779394e-09
2.511886e-03  1.566645e-09
3.162278e-03  8.826390e-10
3.981072e-03  4.970846e-10
5.011872e-03  2.798633e-10
6.309573e-03  1.575276e-10
7.943282e-03  8.865114e-11
1.000000e-02  4.988220e-11
1.258925e-02  2.806429e-11
1.584893e-02  1.578776e-11
1.995262e-02  8.880826e-12
2.511886e-02  4.995277e-12
3.162278e-02  2.809601e-12
3.981072e-02  1.580202e-12
5.011872e-02  8.887244e-13
6.309573e-02  4.998167e-13
7.943282e-02  2.810903e-13
1.000000e-01  1.580790e-13
