I0=1.000000e+00 r=1.000000e-02
每层厚度分别为：1.000000e+02	1.000000e+01	1.000000e+02	
每层电导率分别为：1.000000e-02	1.000000e-02	1.000000e-02	
正演数据：
1.000000e-06  2.999218e-04
1.258925e-06  2.999575e-04
1.584893e-06  2.999746e-04
1.995262e-06  2.999874e-04
2.511886e-06  2.999545e-04
3.162278e-06  2.995995e-04
3.981072e-06  2.977533e-04
5.011872e-06  2.915846e-04
6.309573e-06  2.770700e-04
7.943282e-06  2.516211e-04
1.000000e-05  2.161082e-04
1.258925e-05  1.748970e-04
1.584893e-05  1.336170e-04
1.995262e-05  9.688988e-05
2.511886e-05  6.711434e-05
3.162278e-05  4.471352e-05
3.981072e-05  2.883890e-05
5.011872e-05  1.810990e-05
6.309573e-05  1.112699e-05
7.943282e-05  6.716403e-06
1.000000e-04  3.996366e-06
1.258925e-04  2.353069e-06
1.584893e-04  1.371894e-06
1.995262e-04  7.939288e-07
2.511886e-04  4.567749e-07
3.162278e-04  2.615748e-07
3.981072e-04  1.492358e-07
5.011872e-04  8.489116e-08
6.309573e-04  4.817555e-08
7.943282e-04  2.728824e-08
1.000000e-03  1.543391e-08
1.258925e-03  8.718883e-09
1.584893e-03  4.920807e-09
1.995262e-03  2.775150e-09
2.511886e-03  1.564150e-09
3.162278e-03  8.811806e-10
3.981072e-03  4.962365e-10
5.011872e-03  2.793722e-10
6.309573e-03  1.572443e-10
7.943282e-03  8.848823e-11
1.000000e-02  4.978877e-11
1.258925e-02  2.801084e-11
1.584893e-02  1.575724e-11
1.995262e-02  8.863432e-12
2.511886e-02  4.985380e-12
3.162278e-02  2.803976e-12
3.981072e-02  1.577010e-12
5.011872e-02  8.869145e-13
6.309573e-02  4.987916e-13
7.943282e-02  2.805101e-13
1.000000e-01  1.577508e-13
