I0=1.000000e+00 r=1.000000e-02
每层厚度分别为：1.000000e+02	8.000000e+01	1.000000e+20	
每层电导率分别为：1.000000e-02	1.000000e-02	1.000000e-02	
正演数据：
1.000000e-07  6.198627e-09
1.218188e-07  6.206471e-09
1.483982e-07  6.209048e-09
1.807769e-07  6.207085e-09
2.202202e-07  6.200955e-09
2.682696e-07  6.190739e-09
3.268028e-07  6.176286e-09
3.981072e-07  6.157188e-09
4.849693e-07  6.132825e-09
5.907838e-07  6.102339e-09
7.196857e-07  6.064599e-09
8.767124e-07  6.018182e-09
1.068000e-06  5.961308e-09
1.301025e-06  5.891780e-09
1.584893e-06  5.806903e-09
1.930698e-06  5.703372e-09
2.351953e-06  5.577152e-09
2.865120e-06  5.423354e-09
3.490255e-06  5.236182e-09
4.251786e-06  5.009278e-09
5.179475e-06  4.736883e-09
6.309573e-06  4.415974e-09
7.686246e-06  4.048633e-09
9.363292e-06  3.643474e-09
1.140625e-05  3.215024e-09
1.389495e-05  2.781226e-09
1.692667e-05  2.360128e-09
2.061986e-05  1.966991e-09
2.511886e-05  1.612574e-09
3.059950e-05  1.302713e-09
3.727594e-05  1.038882e-09
4.540910e-05  8.192567e-10
5.531681e-05  6.398873e-10
6.738627e-05  4.957255e-10
8.208914e-05  3.814033e-10
1.000000e-04  2.917511e-10
1.218188e-04  2.220940e-10
1.483982e-04  1.683868e-10
1.807769e-04  1.272396e-10
2.202202e-04  9.588007e-11
2.682696e-04  7.208328e-11
3.268028e-04  5.408965e-11
3.981072e-04  4.052396e-11
4.849693e-04  3.032126e-11
5.907838e-04  2.266309e-11
7.196857e-04  1.692426e-11
8.767124e-04  1.262950e-11
1.068000e-03  9.418992e-12
1.301025e-03  7.021183e-12
1.584893e-03  5.231685e-12
1.930698e-03  3.896992e-12
2.351953e-03  2.902014e-12
2.865120e-03  2.160591e-12
3.490255e-03  1.608297e-12
4.251786e-03  1.197001e-12
5.179475e-03  8.907776e-13
6.309573e-03  6.628266e-13
7.686246e-03  4.931674e-13
9.363292e-03  3.669097e-13
1.140625e-02  2.729603e-13
1.389495e-02  2.030579e-13
1.692667e-02  1.510511e-13
2.061986e-02  1.123607e-13
2.511886e-02  8.357832e-14
3.059950e-02  6.216757e-14
3.727594e-02  4.624094e-14
4.540910e-02  3.439405e-14
5.531681e-02  2.558203e-14
6.738627e-02  1.902753e-14
8.208914e-02  1.415229e-14
1.000000e-01  1.052611e-14
