I0=1.000000e+00 r=1.000000e-02
每层厚度分别为：1.000000e+02	1.000000e+01	1.000000e+02	
每层电导率分别为：1.000000e-02	1.000000e-02	1.000000e-02	
正演数据：
1.000000e-06  2.999192e-04
1.258925e-06  2.999547e-04
1.584893e-06  2.999722e-04
1.995262e-06  2.999851e-04
2.511886e-06  2.999520e-04
3.162278e-06  2.995977e-04
3.981072e-06  2.977502e-04
5.011872e-06  2.915602e-04
6.309573e-06  2.770701e-04
7.943282e-06  2.516209e-04
1.000000e-05  2.161110e-04
1.258925e-05  1.749026e-04
1.584893e-05  1.336350e-04
1.995262e-05  9.689434e-05
2.511886e-05  6.711382e-05
3.162278e-05  4.471423e-05
3.981072e-05  2.884045e-05
5.011872e-05  1.811190e-05
6.309573e-05  1.112928e-05
7.943282e-05  6.718961e-06
1.000000e-04  3.999002e-06
1.258925e-04  2.353036e-06
1.584893e-04  1.371890e-06
1.995262e-04  7.940381e-07
2.511886e-04  4.568541e-07
3.162278e-04  2.616369e-07
3.981072e-04  1.492799e-07
5.011872e-04  8.492062e-08
6.309573e-04  4.819455e-08
7.943282e-04  2.730018e-08
1.000000e-03  1.544128e-08
1.258925e-03  8.723362e-09
1.584893e-03  4.923498e-09
1.995262e-03  2.776751e-09
2.511886e-03  1.565095e-09
3.162278e-03  8.817347e-10
3.981072e-03  4.965596e-10
5.011872e-03  2.795597e-10
6.309573e-03  1.573528e-10
7.943282e-03  8.855068e-11
1.000000e-02  4.982464e-11
1.258925e-02  2.803138e-11
1.584893e-02  1.576898e-11
1.995262e-02  8.870134e-12
2.511886e-02  4.989196e-12
3.162278e-02  2.806147e-12
3.981072e-02  1.578243e-12
5.011872e-02  8.876139e-13
6.309573e-02  4.991879e-13
7.943282e-02  2.807345e-13
1.000000e-01  1.578778e-13
