I0=1.000000e+00 r=1.000000e-02
每层厚度分别为：1.000000e+02	1.000000e+01	1.000000e+02	
每层电导率分别为：1.000000e-02	1.000000e-02	1.000000e-02	
正演数据：
1.000000e-06  2.999192e-04
1.258925e-06  2.999547e-04
1.584893e-06  2.999722e-04
1.995262e-06  2.999851e-04
2.511886e-06  2.999520e-04
3.162278e-06  2.995977e-04
3.981072e-06  2.977503e-04
5.011872e-06  2.915601e-04
6.309573e-06  2.770701e-04
7.943282e-06  2.516210e-04
1.000000e-05  2.161107e-04
1.258925e-05  1.749026e-04
1.584893e-05  1.336351e-04
1.995262e-05  9.689437e-05
2.511886e-05  6.711385e-05
3.162278e-05  4.471431e-05
3.981072e-05  2.884044e-05
5.011872e-05  1.811190e-05
6.309573e-05  1.112928e-05
7.943282e-05  6.718965e-06
1.000000e-04  3.999005e-06
1.258925e-04  2.353039e-06
1.584893e-04  1.371893e-06
1.995262e-04  7.940034e-07
2.511886e-04  4.568535e-07
3.162278e-04  2.616370e-07
3.981072e-04  1.492800e-07
5.011872e-04  8.492070e-08
6.309573e-04  4.819461e-08
7.943282e-04  2.730022e-08
1.000000e-03  1.544130e-08
1.258925e-03  8.723377e-09
1.584893e-03  4.923507e-09
1.995262e-03  2.776756e-09
2.511886e-03  1.565098e-09
3.162278e-03  8.817365e-10
3.981072e-03  4.965607e-10
5.011872e-03  2.795603e-10
6.309573e-03  1.573531e-10
7.943282e-03  8.855089e-11
1.000000e-02  4.982476e-11
1.258925e-02  2.803145e-11
1.584893e-02  1.576902e-11
1.995262e-02  8.870156e-12
2.511886e-02  4.989209e-12
3.162278e-02  2.806154e-12
3.981072e-02  1.578247e-12
5.011872e-02  8.876162e-13
6.309573e-02  4.991892e-13
7.943282e-02  2.807353e-13
1.000000e-01  1.578782e-13
