I0=1.000000e+00 r=1.000000e-02
每层厚度分别为：1.000000e+02	8.000000e+01	1.000000e+20	
每层电导率分别为：1.000000e-02	2.000000e-01	1.000000e-02	
正演数据：
1.000000e-07  6.157947e-09
1.218188e-07  6.173118e-09
1.483982e-07  6.184484e-09
1.807769e-07  6.190984e-09
2.202202e-07  6.191941e-09
2.682696e-07  6.187023e-09
3.268028e-07  6.176107e-09
3.981072e-07  6.159057e-09
4.849693e-07  6.135625e-09
5.907838e-07  6.105322e-09
7.196857e-07  6.067339e-09
8.767124e-07  6.020487e-09
1.068000e-06  5.963136e-09
1.301025e-06  5.893173e-09
1.584893e-06  5.807935e-09
1.930698e-06  5.704124e-09
2.351953e-06  5.577694e-09
2.865120e-06  5.423743e-09
3.490255e-06  5.236461e-09
4.251786e-06  5.009479e-09
5.179475e-06  4.737028e-09
6.309573e-06  4.416079e-09
7.686246e-06  4.048710e-09
9.363292e-06  3.643530e-09
1.140625e-05  3.215071e-09
1.389495e-05  2.781312e-09
1.692667e-05  2.360491e-09
2.061986e-05  1.968484e-09
2.511886e-05  1.617373e-09
3.059950e-05  1.314966e-09
3.727594e-05  1.064657e-09
4.540910e-05  8.654859e-10
5.531681e-05  7.126360e-10
6.738627e-05  5.985778e-10
8.208914e-05  5.146064e-10
1.000000e-04  4.523056e-10
1.218188e-04  4.045703e-10
1.483982e-04  3.660332e-10
1.807769e-04  3.330720e-10
2.202202e-04  3.034539e-10
2.682696e-04  2.759398e-10
3.268028e-04  2.498974e-10
3.981072e-04  2.250034e-10
4.849693e-04  2.010596e-10
5.907838e-04  1.779134e-10
7.196857e-04  1.554844e-10
8.767124e-04  1.338233e-10
1.068000e-03  1.131390e-10
1.301025e-03  9.376074e-11
1.584893e-03  7.605308e-11
1.930698e-03  6.032653e-11
2.351953e-03  4.677526e-11
2.865120e-03  3.545239e-11
3.490255e-03  2.627681e-11
4.251786e-03  1.906070e-11
5.179475e-03  1.354704e-11
6.309573e-03  9.447985e-12
7.686246e-03  6.477512e-12
9.363292e-03  4.374764e-12
1.140625e-02  2.917273e-12
1.389495e-02  1.925502e-12
1.692667e-02  1.261132e-12
2.061986e-02  8.217529e-13
2.511886e-02  5.340370e-13
3.059950e-02  3.469538e-13
3.727594e-02  2.258208e-13
4.540910e-02  1.475258e-13
5.531681e-02  9.687809e-14
6.738627e-02  6.402608e-14
8.208914e-02  4.262053e-14
1.000000e-01  2.859081e-14
