I0=1.000000e+02 r=1.000000e-02
每层厚度分别为：1.000000e+02	1.000000e+04	1.000000e+02	
每层电导率分别为：1.000000e-02	1.000000e-02	1.000000e-02	
正演数据：
1.000000e-07  2.241970e-06
1.258925e-07  1.716638e-06
1.584893e-07  1.295380e-06
1.995262e-07  9.657071e-07
2.511886e-07  7.127729e-07
3.162278e-07  5.218043e-07
3.981072e-07  3.794731e-07
5.011872e-07  2.744882e-07
6.309573e-07  1.976921e-07
7.943282e-07  1.418886e-07
1.000000e-06  1.015542e-07
1.258925e-06  7.252417e-08
1.584893e-06  5.170067e-08
1.995262e-06  3.680394e-08
2.511886e-06  2.616990e-08
3.162278e-06  1.859171e-08
3.981072e-06  1.319853e-08
5.011872e-06  9.364496e-09
6.309573e-06  6.641199e-09
7.943282e-06  4.708170e-09
1.000000e-05  3.336825e-09
1.258925e-05  2.364372e-09
1.584893e-05  1.675019e-09
1.995262e-05  1.186482e-09
2.511886e-05  8.403356e-10
3.162278e-05  5.951207e-10
3.981072e-05  4.214306e-10
5.011872e-05  2.984161e-10
6.309573e-05  2.112996e-10
7.943282e-05  1.496095e-10
1.000000e-04  1.059272e-10
1.258925e-04  7.499732e-11
1.584893e-04  5.309775e-11
1.995262e-04  3.759242e-11
2.511886e-04  2.661457e-11
3.162278e-04  1.884233e-11
3.981072e-04  1.333972e-11
5.011872e-04  9.444010e-12
6.309573e-04  6.685965e-12
7.943282e-04  4.733367e-12
1.000000e-03  3.351004e-12
1.258925e-03  2.372350e-12
1.584893e-03  1.679507e-12
1.995262e-03  1.189007e-12
2.511886e-03  8.417559e-13
3.162278e-03  5.959196e-13
3.981072e-03  4.218800e-13
5.011872e-03  2.986688e-13
6.309573e-03  2.114417e-13
7.943282e-03  1.496895e-13
1.000000e-02  1.059721e-13
