I0=1.000000e+00 r=1.000000e-02
每层厚度分别为：1.000000e+02	1.000000e+01	1.000000e+02	
每层电导率分别为：1.000000e-02	1.000000e-02	1.000000e-02	
正演数据：
1.000000e-06  3.000048e-04
1.258925e-06  3.000415e-04
1.584893e-06  3.000569e-04
1.995262e-06  3.000656e-04
2.511886e-06  3.000311e-04
3.162278e-06  2.996748e-04
3.981072e-06  2.978403e-04
5.011872e-06  2.917684e-04
6.309573e-06  2.778213e-04
7.943282e-06  2.513721e-04
1.000000e-05  2.161643e-04
1.258925e-05  1.749202e-04
1.584893e-05  1.335868e-04
1.995262e-05  9.676156e-05
2.511886e-05  6.686364e-05
3.162278e-05  4.429784e-05
3.981072e-05  2.832242e-05
5.011872e-05  1.804208e-05
6.309573e-05  1.114065e-05
7.943282e-05  6.717852e-06
1.000000e-04  3.989706e-06
1.258925e-04  2.341906e-06
1.584893e-04  1.361947e-06
1.995262e-04  7.861960e-07
2.511886e-04  4.511681e-07
3.162278e-04  2.576996e-07
3.981072e-04  1.466507e-07
5.011872e-04  8.321329e-08
6.309573e-04  4.711004e-08
7.943282e-04  2.662347e-08
1.000000e-03  1.502517e-08
1.258925e-03  8.470603e-09
1.584893e-03  4.771526e-09
1.995262e-03  2.686167e-09
2.511886e-03  1.511498e-09
3.162278e-03  8.502232e-10
3.981072e-03  4.781333e-10
5.011872e-03  2.688356e-10
6.309573e-03  1.511368e-10
7.943282e-03  8.496060e-11
1.000000e-02  4.775759e-11
1.258925e-02  2.684449e-11
1.584893e-02  1.508910e-11
1.995262e-02  8.481501e-12
2.511886e-02  4.767459e-12
3.162278e-02  2.679839e-12
3.981072e-02  1.506399e-12
5.011872e-02  8.468010e-13
6.309573e-02  4.760294e-13
7.943282e-02  2.676068e-13
1.000000e-01  1.504427e-13
