I0=1.000000e+02 r=1.000000e-02
每层厚度分别为：1.000000e+02	1.000000e+04	1.000000e+02	
每层电导率分别为：1.000000e-02	1.000000e-02	1.000000e-02	
正演数据：
1.000000e-07  2.279151e+00
1.258925e-07  1.809994e+00
1.584893e-07  1.408967e+00
1.995262e-07  1.078134e+00
2.511886e-07  8.131290e-01
3.162278e-07  6.059206e-01
3.981072e-07  4.470582e-01
5.011872e-07  3.271842e-01
6.309573e-07  2.378822e-01
7.943282e-07  1.720366e-01
1.000000e-06  1.238851e-01
1.258925e-06  8.890442e-02
1.584893e-06  6.362540e-02
1.995262e-06  4.543397e-02
2.511886e-06  3.238669e-02
3.162278e-06  2.305381e-02
3.981072e-06  1.639204e-02
5.011872e-06  1.164491e-02
6.309573e-06  8.266684e-03
7.943282e-06  5.865181e-03
1.000000e-05  4.159456e-03
1.258925e-05  2.948740e-03
1.584893e-05  2.089842e-03
1.995262e-05  1.480786e-03
2.511886e-05  1.049043e-03
3.162278e-05  7.430746e-04
3.981072e-05  5.262867e-04
5.011872e-05  3.727119e-04
6.309573e-05  2.639327e-04
7.943282e-05  1.868910e-04
1.000000e-04  1.323318e-04
1.258925e-04  9.369669e-05
1.584893e-04  6.633947e-05
1.995262e-04  4.696885e-05
2.511886e-04  3.325370e-05
3.162278e-04  2.354312e-05
3.981072e-04  1.666798e-05
5.011872e-04  1.180044e-05
6.309573e-04  8.354300e-06
7.943282e-04  5.914521e-06
1.000000e-03  4.187233e-06
1.258925e-03  2.964375e-06
1.584893e-03  2.098640e-06
1.995262e-03  1.485736e-06
2.511886e-03  1.051828e-06
3.162278e-03  7.446413e-07
3.981072e-03  5.271680e-07
5.011872e-03  3.732077e-07
6.309573e-03  2.642115e-07
7.943282e-03  1.870478e-07
1.000000e-02  1.324200e-07
