I0=1.000000e+00 r=1.000000e-02
每层厚度分别为：1.000000e+02	1.000000e+04	1.000000e+02	
每层电导率分别为：1.000000e-02	1.000000e+01	1.000000e-02	
正演数据：
1.000000e-07  3.031468e-04
1.258925e-07  3.026479e-04
1.584893e-07  3.014978e-04
1.995262e-07  3.003744e-04
2.511886e-07  2.997108e-04
3.162278e-07  2.994921e-04
3.981072e-07  2.994906e-04
5.011872e-07  2.995293e-04
6.309573e-07  2.995847e-04
7.943282e-07  2.997000e-04
1.000000e-06  2.998472e-04
1.258925e-06  2.999529e-04
1.584893e-06  3.000006e-04
1.995262e-06  3.000142e-04
2.511886e-06  2.999715e-04
3.162278e-06  2.996064e-04
3.981072e-06  2.977494e-04
5.011872e-06  2.915575e-04
6.309573e-06  2.770711e-04
7.943282e-06  2.516233e-04
1.000000e-05  2.161147e-04
1.258925e-05  1.748299e-04
1.584893e-05  1.334670e-04
1.995262e-05  9.628341e-05
2.511886e-05  6.557658e-05
3.162278e-05  4.192975e-05
3.981072e-05  2.495898e-05
5.011872e-05  1.372724e-05
6.309573e-05  6.949483e-06
7.943282e-05  3.250036e-06
1.000000e-04  1.435396e-06
