1.000000e-02	
е§бнЪ§ОнЃК
1.000000e-07  2.241981e-06
1.258925e-07  1.716646e-06
1.584893e-07  1.295386e-06
1.995262e-07  9.657110e-07
2.511886e-07  7.127755e-07
3.162278e-07  5.218060e-07
3.981072e-07  3.794743e-07
5.011872e-07  2.744890e-07
6.309573e-07  1.976927e-07
7.943282e-07  1.418890e-07
1.000000e-06  1.015545e-07
1.258925e-06  7.252438e-08
1.584893e-06  5.170082e-08
1.995262e-06  3.680404e-08
2.511886e-06  2.616997e-08
3.162278e-06  1.859176e-08
3.981072e-06  1.319856e-08
5.011872e-06  9.364519e-09
6.309573e-06  6.641216e-09
7.943282e-06  4.708182e-09
1.000000e-05  3.336833e-09
1.258925e-05  2.364378e-09
1.584893e-05  1.675023e-09
1.995262e-05  1.186484e-09
2.511886e-05  8.403376e-10
3.162278e-05  5.951222e-10
3.981072e-05  4.214317e-10
5.011872e-05  2.984168e-10
6.309573e-05  2.113001e-10
7.943282e-05  1.496099e-10
1.000000e-04  1.059274e-10
1.258925e-04  7.499750e-11
1.584893e-04  5.309788e-11
1.995262e-04  3.759251e-11
2.511886e-04  2.661464e-11
3.162278e-04  1.884238e-11
3.981072e-04  1.333976e-11
5.011872e-04  9.444033e-12
6.309573e-04  6.685981e-12
7.943282e-04  4.733379e-12
1.000000e-03  3.351013e-12
1.258925e-03  2.372356e-12
1.584893e-03  1.679511e-12
1.995262e-03  1.189010e-12
2.511886e-03  8.417585e-13
3.162278e-03  5.959217e-13
3.981072e-03  4.218810e-13
5.011872e-03  2.986698e-13
6.309573e-03  2.114428e-13
7.943282e-03  1.496904e-13
1.000000e-02  1.059737e-13
