1.000000e-02	
е§бнЪ§ОнЃК
1.000000e-07  3.000000e-04
1.258925e-07  3.000000e-04
1.584893e-07  3.000000e-04
1.995262e-07  3.000000e-04
2.511886e-07  3.000000e-04
3.162278e-07  3.000000e-04
3.981072e-07  3.000000e-04
5.011872e-07  3.000000e-04
6.309573e-07  3.000000e-04
7.943282e-07  3.000000e-04
1.000000e-06  3.000000e-04
1.258925e-06  3.000000e-04
1.584893e-06  2.999999e-04
1.995262e-06  2.999978e-04
2.511886e-06  2.999585e-04
3.162278e-06  2.996033e-04
3.981072e-06  2.977522e-04
5.011872e-06  2.915608e-04
6.309573e-06  2.770713e-04
7.943282e-06  2.516213e-04
1.000000e-05  2.161108e-04
1.258925e-05  1.749029e-04
1.584893e-05  1.336351e-04
1.995262e-05  9.689438e-05
2.511886e-05  6.711388e-05
3.162278e-05  4.471432e-05
3.981072e-05  2.884044e-05
5.011872e-05  1.811191e-05
6.309573e-05  1.112928e-05
7.943282e-05  6.718965e-06
1.000000e-04  3.999005e-06
