1.000000e-02	
е§бнЪ§ОнЃК
1.000000e-06  3.000000e-04
1.258925e-06  3.000000e-04
1.584893e-06  2.999999e-04
1.995262e-06  2.999978e-04
2.511886e-06  2.999585e-04
3.162278e-06  2.996033e-04
3.981072e-06  2.977522e-04
5.011872e-06  2.915608e-04
6.309573e-06  2.770713e-04
7.943282e-06  2.516213e-04
1.000000e-05  2.161108e-04
1.258925e-05  1.749029e-04
1.584893e-05  1.336351e-04
1.995262e-05  9.689438e-05
2.511886e-05  6.711388e-05
3.162278e-05  4.471432e-05
3.981072e-05  2.884044e-05
5.011872e-05  1.811191e-05
6.309573e-05  1.112928e-05
7.943282e-05  6.718965e-06
1.000000e-04  3.999005e-06
1.258925e-04  2.353040e-06
1.584893e-04  1.371894e-06
1.995262e-04  7.940035e-07
2.511886e-04  4.568536e-07
3.162278e-04  2.616371e-07
3.981072e-04  1.492800e-07
5.011872e-04  8.492071e-08
6.309573e-04  4.819462e-08
7.943282e-04  2.730023e-08
1.000000e-03  1.544130e-08
1.258925e-03  8.723378e-09
1.584893e-03  4.923507e-09
1.995262e-03  2.776757e-09
2.511886e-03  1.565098e-09
3.162278e-03  8.817366e-10
3.981072e-03  4.965607e-10
5.011872e-03  2.795604e-10
6.309573e-03  1.573531e-10
7.943282e-03  8.855090e-11
1.000000e-02  4.982477e-11
1.258925e-02  2.803146e-11
1.584893e-02  1.576903e-11
1.995262e-02  8.870157e-12
2.511886e-02  4.989210e-12
3.162278e-02  2.806154e-12
3.981072e-02  1.578247e-12
5.011872e-02  8.876163e-13
6.309573e-02  4.991893e-13
7.943282e-02  2.807353e-13
1.000000e-01  1.578782e-13
