1.000000e-02	
е§бнЪ§ОнЃК
1.000000e-05  2.241981e-09
1.266380e-05  1.704589e-09
1.603719e-05  1.276373e-09
2.030918e-05  9.437233e-10
2.571914e-05  6.905772e-10
3.257021e-05  5.010988e-10
4.124626e-05  3.611454e-10
5.223345e-05  2.588621e-10
6.614741e-05  1.847377e-10
8.376776e-05  1.313794e-10
1.060818e-04  9.317336e-11
1.343399e-04  6.593211e-11
1.701254e-04  4.657369e-11
2.154435e-04  3.285342e-11
2.728333e-04  2.314953e-11
3.455107e-04  1.629765e-11
4.375479e-04  1.146590e-11
5.541020e-04  8.062221e-12
7.017038e-04  5.666484e-12
8.886238e-04  3.981297e-12
1.125336e-03  2.796523e-12
1.425103e-03  1.963902e-12
1.804722e-03  1.378949e-12
2.285464e-03  9.680971e-13
2.894266e-03  6.795853e-13
3.665241e-03  4.770161e-13
4.641589e-03  3.348063e-13
5.878016e-03  2.349805e-13
7.443803e-03  1.649120e-13
9.426685e-03  1.157334e-13
1.193777e-02  8.121834e-14
1.511775e-02  5.699552e-14
1.914482e-02  3.999636e-14
2.424462e-02  2.806692e-14
3.070291e-02  1.969540e-14
3.888155e-02  1.382074e-14
4.923883e-02  9.698293e-15
6.235507e-02  6.805454e-15
7.896523e-02  4.775482e-15
1.000000e-01  3.351013e-15
