1.000000e-02	
е§бнЪ§ОнЃК
1.000000e-07  6.253185e-09
1.218188e-07  6.246640e-09
1.483982e-07  6.238666e-09
1.807769e-07  6.228952e-09
2.202202e-07  6.217119e-09
2.682696e-07  6.202704e-09
3.268028e-07  6.185144e-09
3.981072e-07  6.163753e-09
4.849693e-07  6.137695e-09
5.907838e-07  6.105950e-09
7.196857e-07  6.067280e-09
8.767124e-07  6.020172e-09
1.068000e-06  5.962785e-09
1.301025e-06  5.892878e-09
1.584893e-06  5.807717e-09
1.930698e-06  5.703976e-09
2.351953e-06  5.577603e-09
2.865120e-06  5.423689e-09
3.490255e-06  5.236430e-09
4.251786e-06  5.009462e-09
5.179475e-06  4.737023e-09
6.309573e-06  4.416074e-09
7.686246e-06  4.048707e-09
9.363292e-06  3.643531e-09
1.140625e-05  3.215067e-09
1.389495e-05  2.781257e-09
1.692667e-05  2.360151e-09
2.061986e-05  1.967008e-09
2.511886e-05  1.612587e-09
3.059950e-05  1.302722e-09
3.727594e-05  1.038889e-09
4.540910e-05  8.192619e-10
5.531681e-05  6.398912e-10
6.738627e-05  4.957283e-10
8.208914e-05  3.814054e-10
1.000000e-04  2.917526e-10
1.218188e-04  2.220952e-10
1.483982e-04  1.683877e-10
1.807769e-04  1.272402e-10
2.202202e-04  9.588054e-11
2.682696e-04  7.208362e-11
3.268028e-04  5.408993e-11
3.981072e-04  4.052417e-11
4.849693e-04  3.032142e-11
5.907838e-04  2.266321e-11
7.196857e-04  1.692434e-11
8.767124e-04  1.262956e-11
1.068000e-03  9.419037e-12
1.301025e-03  7.021217e-12
1.584893e-03  5.231710e-12
1.930698e-03  3.897010e-12
2.351953e-03  2.902028e-12
2.865120e-03  2.160602e-12
3.490255e-03  1.608305e-12
4.251786e-03  1.197007e-12
5.179475e-03  8.907819e-13
6.309573e-03  6.628298e-13
7.686246e-03  4.931698e-13
9.363292e-03  3.669114e-13
1.140625e-02  2.729616e-13
1.389495e-02  2.030589e-13
1.692667e-02  1.510518e-13
2.061986e-02  1.123612e-13
2.511886e-02  8.357872e-14
3.059950e-02  6.216787e-14
3.727594e-02  4.624116e-14
4.540910e-02  3.439422e-14
5.531681e-02  2.558215e-14
6.738627e-02  1.902762e-14
8.208914e-02  1.415235e-14
1.000000e-01  1.052616e-14
