1.000000e-06  7.137576e-01
1.258925e-06  7.127986e-01
1.584893e-06  6.984137e-01
1.995262e-06  6.658763e-01
2.511886e-06  6.386827e-01
3.162278e-06  6.857840e-01
3.981072e-06  8.825332e-01
5.011872e-06  1.180289e+00
6.309573e-06  1.372957e+00
7.943282e-06  1.279756e+00
1.000000e-05  9.004300e-01
1.258925e-05  3.484019e-01
1.584893e-05  3.119549e-01
1.995262e-05  1.121000e+00
2.511886e-05  2.168939e+00
3.162278e-05  2.407981e+00
3.981072e-05  9.598425e-01
5.011872e-05  1.109439e-01
6.309573e-05  1.551940e-01
7.943282e-05  4.154009e-01
1.000000e-04  6.742922e-01
1.258925e-04  1.957883e-01
1.584893e-04  2.423344e-01
1.995262e-04  2.882710e-01
2.511886e-04  3.328943e-01
3.162278e-04  3.757024e-01
3.981072e-04  4.163527e-01
5.011872e-04  4.546273e-01
6.309573e-04  4.904160e-01
7.943282e-04  5.236918e-01
1.000000e-03  5.544810e-01
1.258925e-03  5.828495e-01
1.584893e-03  6.088949e-01
1.995262e-03  6.327333e-01
2.511886e-03  6.544897e-01
3.162278e-03  6.742962e-01
3.981072e-03  6.922885e-01
5.011872e-03  7.086003e-01
6.309573e-03  7.233613e-01
7.943282e-03  7.366977e-01
1.000000e-02  7.487302e-01
1.258925e-02  7.595718e-01
1.584893e-02  7.693288e-01
1.995262e-02  7.781010e-01
2.511886e-02  7.859805e-01
3.162278e-02  7.930518e-01
3.981072e-02  7.993934e-01
5.011872e-02  8.050768e-01
6.309573e-02  8.101673e-01
7.943282e-02  8.147241e-01
1.000000e-01  8.188017e-01
