I0=1.000000e+02 r=1.000000e-02
每层厚度分别为：1.000000e+02	1.000000e+04	1.000000e+02	
每层电导率分别为：1.000000e-02	1.000000e-02	1.000000e-02	
正演数据：
1.000000e-06  3.000024e-02
1.258925e-06  3.000008e-02
1.584893e-06  2.999975e-02
1.995262e-06  2.999989e-02
2.511886e-06  2.999595e-02
3.162278e-06  2.996018e-02
3.981072e-06  2.977525e-02
5.011872e-06  2.915613e-02
6.309573e-06  2.770708e-02
7.943282e-06  2.516214e-02
1.000000e-05  2.161109e-02
1.258925e-05  1.749028e-02
1.584893e-05  1.336351e-02
1.995262e-05  9.689440e-03
2.511886e-05  6.711387e-03
3.162278e-05  4.471432e-03
3.981072e-05  2.884044e-03
5.011872e-05  1.811190e-03
6.309573e-05  1.112928e-03
7.943282e-05  6.718966e-04
1.000000e-04  3.999005e-04
1.258925e-04  2.353040e-04
1.584893e-04  1.371894e-04
1.995262e-04  7.940036e-05
2.511886e-04  4.568536e-05
3.162278e-04  2.616371e-05
3.981072e-04  1.492800e-05
5.011872e-04  8.492071e-06
6.309573e-04  4.819462e-06
7.943282e-04  2.730023e-06
1.000000e-03  1.544130e-06
1.258925e-03  8.723378e-07
1.584893e-03  4.923507e-07
1.995262e-03  2.776757e-07
2.511886e-03  1.565098e-07
3.162278e-03  8.817366e-08
3.981072e-03  4.965607e-08
5.011872e-03  2.795604e-08
6.309573e-03  1.573531e-08
7.943282e-03  8.855090e-09
1.000000e-02  4.982477e-09
1.258925e-02  2.803146e-09
1.584893e-02  1.576903e-09
1.995262e-02  8.870157e-10
2.511886e-02  4.989210e-10
3.162278e-02  2.806154e-10
3.981072e-02  1.578247e-10
5.011872e-02  8.876163e-11
6.309573e-02  4.991893e-11
7.943282e-02  2.807353e-11
1.000000e-01  1.578782e-11
1.258925e-01  8.878556e-12
1.584893e-01  4.992962e-12
1.995262e-01  2.807830e-12
2.511886e-01  1.578996e-12
3.162278e-01  8.879508e-13
3.981072e-01  4.993387e-13
5.011872e-01  2.808021e-13
6.309573e-01  1.579081e-13
7.943282e-01  8.879887e-14
1.000000e+00  4.993557e-14
