I0=1.000000e+00 r=1.000000e+01
每层厚度分别为：4.000000e+01	4.000000e+01	1.000000e+20	
每层电导率分别为：1.000000e-02	1.000000e-02	1.000000e-02	
正演数据：
1.000000e-05  2.163525e-04
1.258925e-05  1.742207e-04
1.584893e-05  1.327327e-04
1.995262e-05  9.612517e-05
2.511886e-05  6.657735e-05
3.162278e-05  4.438513e-05
3.981072e-05  2.865706e-05
5.011872e-05  1.801790e-05
6.309573e-05  1.108499e-05
7.943282e-05  6.700183e-06
1.000000e-04  3.992354e-06
1.258925e-04  2.351673e-06
1.584893e-04  1.372524e-06
1.995262e-04  7.951481e-07
2.511886e-04  4.579716e-07
3.162278e-04  2.625277e-07
3.981072e-04  1.499429e-07
5.011872e-04  8.539012e-08
6.309573e-04  4.851613e-08
7.943282e-04  2.751603e-08
1.000000e-03  1.558424e-08
1.258925e-03  8.817188e-09
1.584893e-03  4.984681e-09
1.995262e-03  2.816470e-09
2.511886e-03  1.590798e-09
3.162278e-03  8.983314e-10
3.981072e-03  5.072578e-10
5.011872e-03  2.864463e-10
6.309573e-03  1.617804e-10
7.943282e-03  9.139413e-11
1.000000e-02  5.164868e-11
1.258925e-02  2.920017e-11
1.584893e-02  1.651706e-11
1.995262e-02  9.348399e-12
2.511886e-02  5.294632e-12
3.162278e-02  3.001000e-12
3.981072e-02  1.702428e-12
5.011872e-02  9.666811e-13
6.309573e-02  5.494779e-13
7.943282e-02  3.127188e-13
1.000000e-01  1.781991e-13
