I0=1.000000e+00 r=1.000000e-01
每层厚度分别为：4.000000e+01	4.000000e+01	1.000000e+20	
每层电导率分别为：1.000000e-02	1.000000e-01	1.000000e-02	
正演数据：
1.000000e-05  1.774783e-04
1.258925e-05  1.285437e-04
1.584893e-05  8.778136e-05
1.995262e-05  5.865130e-05
2.511886e-05  3.987596e-05
3.162278e-05  2.825822e-05
3.981072e-05  2.089560e-05
5.011872e-05  1.593299e-05
6.309573e-05  1.239451e-05
7.943282e-05  9.774189e-06
1.000000e-04  7.749196e-06
1.258925e-04  6.090560e-06
1.584893e-04  4.669275e-06
1.995262e-04  3.447271e-06
2.511886e-04  2.433163e-06
3.162278e-04  1.637401e-06
3.981072e-04  1.050788e-06
5.011872e-04  6.443456e-07
6.309573e-04  3.787538e-07
7.943282e-04  2.142865e-07
1.000000e-03  1.172383e-07
1.258925e-03  6.234476e-08
1.584893e-03  3.239707e-08
1.995262e-03  1.653969e-08
2.511886e-03  8.339661e-09
3.162278e-03  4.173672e-09
3.981072e-03  2.082491e-09
5.011872e-03  1.039986e-09
6.309573e-03  5.214787e-10
7.943282e-03  2.631972e-10
1.000000e-02  1.339440e-10
1.258925e-02  6.881301e-11
1.584893e-02  3.571313e-11
1.995262e-02  1.871897e-11
2.511886e-02  9.908594e-12
3.162278e-02  5.309734e-12
3.981072e-02  2.878364e-12
5.011872e-02  1.564439e-12
6.309573e-02  8.485743e-13
7.943282e-02  4.655990e-13
1.000000e-01  2.641448e-13
