I0=1.000000e+00 r=2.000000e+02
每层厚度分别为：4.000000e+01	4.000000e+01	1.000000e+20	
每层电导率分别为：1.000000e-02	1.000000e-02	1.000000e-02	
正演数据：
1.000000e-05  -2.677619e-05
1.258925e-05  -2.225730e-05
1.584893e-05  -1.730581e-05
1.995262e-05  -1.251899e-05
2.511886e-05  -8.352304e-06
3.162278e-05  -5.043461e-06
3.981072e-05  -2.635128e-06
5.011872e-05  -1.039227e-06
6.309573e-05  -9.902823e-08
7.943282e-05  3.647871e-07
1.000000e-04  5.212632e-07
1.258925e-04  5.074869e-07
1.584893e-04  4.194257e-07
1.995262e-04  3.143921e-07
2.511886e-04  2.204356e-07
3.162278e-04  1.471935e-07
3.981072e-04  9.472140e-08
5.011872e-04  5.924168e-08
6.309573e-04  3.623695e-08
7.943282e-04  2.178202e-08
1.000000e-03  1.291444e-08
1.258925e-03  7.574251e-09
1.584893e-03  4.404319e-09
1.995262e-03  2.543734e-09
2.511886e-03  1.461285e-09
3.162278e-03  8.359050e-10
3.981072e-03  4.765688e-10
5.011872e-03  2.709881e-10
6.309573e-03  1.537717e-10
7.943282e-03  8.711588e-11
1.000000e-02  4.929418e-11
1.258925e-02  2.786755e-11
1.584893e-02  1.573825e-11
1.995262e-02  8.882328e-12
2.511886e-02  5.018681e-12
3.162278e-02  2.839791e-12
3.981072e-02  1.601483e-12
5.011872e-02  8.952297e-13
6.309573e-02  4.985032e-13
7.943282e-02  2.816123e-13
1.000000e-01  1.640153e-13
