I0=1.000000e+00 r=2.000000e+02
每层厚度分别为：4.000000e+01	4.000000e+01	1.000000e+10	
每层电导率分别为：1.000000e-02	1.000000e-02	1.000000e-02	
正演数据：
1.000000e-05  -2.695473e-05
1.258925e-05  -2.228578e-05
1.584893e-05  -1.730027e-05
1.995262e-05  -1.251407e-05
2.511886e-05  -8.350102e-06
3.162278e-05  -5.042132e-06
3.981072e-05  -2.634274e-06
5.011872e-05  -1.038731e-06
6.309573e-05  -9.872105e-08
7.943282e-05  3.649883e-07
1.000000e-04  5.213928e-07
1.258925e-04  5.075697e-07
1.584893e-04  4.194784e-07
1.995262e-04  3.144258e-07
2.511886e-04  2.204572e-07
3.162278e-04  1.472074e-07
3.981072e-04  9.473024e-08
5.011872e-04  5.924731e-08
6.309573e-04  3.624052e-08
7.943282e-04  2.178429e-08
1.000000e-03  1.291587e-08
1.258925e-03  7.575158e-09
1.584893e-03  4.404891e-09
1.995262e-03  2.544095e-09
2.511886e-03  1.461513e-09
3.162278e-03  8.360489e-10
3.981072e-03  4.766597e-10
5.011872e-03  2.710452e-10
6.309573e-03  1.538078e-10
7.943282e-03  8.713968e-11
1.000000e-02  4.930765e-11
1.258925e-02  2.787424e-11
1.584893e-02  1.574666e-11
1.995262e-02  8.891159e-12
2.511886e-02  5.018636e-12
3.162278e-02  2.832254e-12
3.981072e-02  1.598270e-12
5.011872e-02  9.019557e-13
6.309573e-02  5.090696e-13
7.943282e-02  2.873837e-13
1.000000e-01  1.622832e-13
