I0=1.000000e+00 r=1.000000e-01
每层厚度分别为：4.000000e+01	4.000000e+01	1.000000e+10	
每层电导率分别为：1.000000e-02	1.000000e-02	1.000000e-02	
正演数据：
1.000000e-02  4.999487e-03  -1.570132e-09
1.152228e-02  4.999487e-03  -1.809094e-09
1.327630e-02  4.999487e-03  -2.084419e-09
1.529732e-02  4.999487e-03  -2.401641e-09
1.762600e-02  4.999487e-03  -2.767131e-09
2.030918e-02  4.999487e-03  -3.188235e-09
2.340080e-02  4.999487e-03  -3.673412e-09
2.696306e-02  4.999487e-03  -4.232407e-09
3.106760e-02  4.999487e-03  -4.876449e-09
3.579696e-02  4.999487e-03  -5.618474e-09
4.124626e-02  4.999487e-03  -6.473384e-09
4.752510e-02  4.999487e-03  -7.458344e-09
5.475976e-02  4.999487e-03  -8.593131e-09
6.309573e-02  4.999487e-03  -9.900528e-09
7.270068e-02  4.999487e-03  -1.140678e-08
8.376776e-02  4.999487e-03  -1.314211e-08
9.651957e-02  4.999487e-03  -1.514134e-08
1.112126e-01  4.999487e-03  -1.744460e-08
1.281422e-01  4.999487e-03  -2.009807e-08
1.476491e-01  4.999487e-03  -2.315498e-08
1.701254e-01  4.999487e-03  -2.667664e-08
1.960233e-01  4.999487e-03  -3.073363e-08
2.258636e-01  4.999487e-03  -3.540727e-08
2.602463e-01  4.999487e-03  -4.079123e-08
2.998631e-01  4.999487e-03  -4.699334e-08
3.455107e-01  4.999487e-03  -5.413782e-08
3.981072e-01  4.999487e-03  -6.236771e-08
4.587103e-01  4.999487e-03  -7.184772e-08
5.285389e-01  4.999487e-03  -8.276750e-08
6.089973e-01  4.999487e-03  -9.534546e-08
7.017038e-01  4.999487e-03  -1.098330e-07
8.085229e-01  4.999487e-03  -1.265197e-07
9.316028e-01  4.999487e-03  -1.457387e-07
1.073419e+00  4.999487e-03  -1.678737e-07
1.236823e+00  4.999487e-03  -1.933663e-07
1.425103e+00  4.999486e-03  -2.227248e-07
1.642043e+00  4.999486e-03  -2.565342e-07
1.892008e+00  4.999486e-03  -2.954678e-07
2.180025e+00  4.999485e-03  -3.403001e-07
2.511886e+00  4.999485e-03  -3.919225e-07
2.894266e+00  4.999484e-03  -4.513605e-07
3.334855e+00  4.999483e-03  -5.197936e-07
3.842513e+00  4.999483e-03  -5.985787e-07
4.427452e+00  4.999481e-03  -6.892762e-07
5.101434e+00  4.999480e-03  -7.936801e-07
5.878016e+00  4.999478e-03  -9.138533e-07
6.772815e+00  4.999476e-03  -1.052167e-06
7.803828e+00  4.999473e-03  -1.211346e-06
8.991790e+00  4.999470e-03  -1.394523e-06
1.036059e+01  4.999466e-03  -1.605294e-06
1.193777e+01  4.999461e-03  -1.847792e-06
1.375503e+01  4.999454e-03  -2.126762e-06
1.584893e+01  4.999446e-03  -2.447650e-06
1.826158e+01  4.999437e-03  -2.816708e-06
2.104151e+01  4.999425e-03  -3.241109e-06
2.424462e+01  4.999410e-03  -3.729078e-06
2.793533e+01  4.999392e-03  -4.290047e-06
3.218788e+01  4.999370e-03  -4.934825e-06
3.708777e+01  4.999342e-03  -5.675794e-06
4.273358e+01  4.999308e-03  -6.527135e-06
4.923883e+01  4.999266e-03  -7.505074e-06
5.673436e+01  4.999214e-03  -8.628174e-06
6.537092e+01  4.999150e-03  -9.917657e-06
7.532221e+01  4.999072e-03  -1.139777e-05
8.678837e+01  4.998975e-03  -1.309618e-05
1.000000e+02  4.998856e-03  -1.504448e-05
1.152228e+02  4.998709e-03  -1.727865e-05
1.327630e+02  4.998528e-03  -1.983969e-05
1.529732e+02  4.998306e-03  -2.277422e-05
1.762600e+02  4.998033e-03  -2.613526e-05
2.030918e+02  4.997698e-03  -2.998296e-05
2.340080e+02  4.997286e-03  -3.438552e-05
2.696306e+02  4.996779e-03  -3.942015e-05
3.106760e+02  4.996159e-03  -4.517411e-05
3.579696e+02  4.995397e-03  -5.174583e-05
4.124626e+02  4.994464e-03  -5.924618e-05
4.752510e+02  4.993321e-03  -6.779971e-05
5.475976e+02  4.991923e-03  -7.754605e-05
6.309573e+02  4.990213e-03  -8.864126e-05
7.270068e+02  4.988124e-03  -1.012593e-04
8.376776e+02  4.985575e-03  -1.155934e-04
9.651957e+02  4.982468e-03  -1.318574e-04
1.112126e+03  4.978683e-03  -1.502868e-04
1.281422e+03  4.974079e-03  -1.711398e-04
1.476491e+03  4.968487e-03  -1.946979e-04
1.701254e+03  4.961704e-03  -2.212658e-04
1.960233e+03  4.953488e-03  -2.511710e-04
2.258636e+03  4.943554e-03  -2.847619e-04
2.602463e+03  4.931564e-03  -3.224055e-04
2.998631e+03  4.917120e-03  -3.644830e-04
3.455107e+03  4.899758e-03  -4.113836e-04
3.981072e+03  4.878936e-03  -4.634963e-04
4.587103e+03  4.854027e-03  -5.211990e-04
5.285389e+03  4.824311e-03  -5.848435e-04
6.089973e+03  4.788965e-03  -6.547384e-04
7.017038e+03  4.747060e-03  -7.311257e-04
8.085229e+03  4.697554e-03  -8.141548e-04
9.316028e+03  4.639295e-03  -9.038498e-04
1.073419e+04  4.571024e-03  -1.000073e-03
1.236823e+04  4.491392e-03  -1.102484e-03
1.425103e+04  4.398978e-03  -1.210493e-03
1.642043e+04  4.292325e-03  -1.323213e-03
1.892008e+04  4.169992e-03  -1.439416e-03
2.180025e+04  4.030612e-03  -1.557482e-03
2.511886e+04  3.872983e-03  -1.675372e-03
2.894266e+04  3.696165e-03  -1.790599e-03
3.334855e+04  3.499605e-03  -1.900234e-03
3.842513e+04  3.283270e-03  -2.000937e-03
4.427452e+04  3.047797e-03  -2.089025e-03
5.101434e+04  2.794631e-03  -2.160597e-03
5.878016e+04  2.526159e-03  -2.211702e-03
6.772815e+04  2.245803e-03  -2.238581e-03
7.803828e+04  1.958050e-03  -2.237947e-03
8.991790e+04  1.668407e-03  -2.207315e-03
1.036059e+05  1.383243e-03  -2.145356e-03
1.193777e+05  1.109503e-03  -2.052219e-03
1.375503e+05  8.542885e-04  -1.929794e-03
1.584893e+05  6.243213e-04  -1.781844e-03
1.826158e+05  4.253270e-04  -1.613962e-03
2.104151e+05  2.614070e-04  -1.433283e-03
2.424462e+05  1.344965e-04  -1.247966e-03
2.793533e+05  4.401956e-05  -1.066444e-03
3.218788e+05  -1.315543e-05  -8.965300e-04
3.708777e+05  -4.239120e-05  -7.445264e-04
4.273358e+05  -5.058760e-05  -6.144937e-04
4.923883e+05  -4.520898e-05  -5.078605e-04
5.673436e+05  -3.321345e-05  -4.234919e-04
6.537092e+05  -2.012029e-05  -3.582299e-04
7.532221e+05  -9.442294e-06  -3.077880e-04
8.678837e+05  -2.619449e-06  -2.677669e-04
1.000000e+06  5.619061e-07  -2.345069e-04
