I0=1.000000e+00 a=1.000000e+02
每层厚度分别为：4.000000e+01	4.000000e+01	1.000000e+20	
每层电导率分别为：1.000000e-02	1.000000e-02	1.000000e-02	
正演数据：
1.000000e-04  3.999316e-06
1.258925e-04  2.353430e-06
1.584893e-04  1.372227e-06
1.995262e-04  7.942465e-07
2.511886e-04  4.570149e-07
3.162278e-04  2.617383e-07
3.981072e-04  1.493412e-07
5.011872e-04  8.495684e-08
6.309573e-04  4.821560e-08
7.943282e-04  2.731229e-08
1.000000e-03  1.544819e-08
1.258925e-03  8.727288e-09
1.584893e-03  4.925721e-09
1.995262e-03  2.778007e-09
2.511886e-03  1.565803e-09
3.162278e-03  8.821343e-10
3.981072e-03  4.967847e-10
5.011872e-03  2.796865e-10
6.309573e-03  1.574241e-10
7.943282e-03  8.859084e-11
1.000000e-02  4.984724e-11
1.258925e-02  2.804410e-11
1.584893e-02  1.577614e-11
1.995262e-02  8.874156e-12
2.511886e-02  4.991459e-12
3.162278e-02  2.807419e-12
3.981072e-02  1.578958e-12
5.011872e-02  8.880164e-13
6.309573e-02  4.994144e-13
7.943282e-02  2.808619e-13
1.000000e-01  1.579494e-13
1.258925e-01  8.882561e-14
1.584893e-01  4.995212e-14
1.995262e-01  2.809095e-14
2.511886e-01  1.579706e-14
3.162278e-01  8.883495e-15
3.981072e-01  4.995635e-15
5.011872e-01  2.809280e-15
6.309573e-01  1.579791e-15
7.943282e-01  8.883936e-16
1.000000e+00  4.995776e-16
1.258925e+00  2.809388e-16
1.584893e+00  1.579888e-16
1.995262e+00  8.884052e-17
2.511886e+00  4.995783e-17
3.162278e+00  2.809391e-17
3.981072e+00  1.579963e-17
5.011872e+00  8.883681e-18
6.309573e+00  4.995832e-18
7.943282e+00  2.809347e-18
1.000000e+01  1.580218e-18
1.258925e+01  8.883913e-19
1.584893e+01  4.997365e-19
1.995262e+01  2.808747e-19
2.511886e+01  1.578631e-19
3.162278e+01  8.867982e-20
3.981072e+01  4.971586e-20
5.011872e+01  2.795864e-20
6.309573e+01  1.585542e-20
7.943282e+01  8.817755e-21
1.000000e+02  5.053222e-21
