I0=1.000000e+00 a=1.000000e+02
每层厚度分别为：4.000000e+01	4.000000e+01	1.000000e+20	
每层电导率分别为：1.000000e-01	1.000000e-01	1.000000e-01	
正演数据：
1.000000e-04  2.161109e-05
1.258925e-04  1.749028e-05
1.584893e-04  1.336351e-05
1.995262e-04  9.689441e-06
2.511886e-04  6.711387e-06
3.162278e-04  4.471432e-06
3.981072e-04  2.884044e-06
5.011872e-04  1.811190e-06
6.309573e-04  1.112928e-06
7.943282e-04  6.718966e-07
1.000000e-03  3.999005e-07
1.258925e-03  2.353040e-07
1.584893e-03  1.371893e-07
1.995262e-03  7.940035e-08
2.511886e-03  4.568535e-08
3.162278e-03  2.616371e-08
3.981072e-03  1.492800e-08
5.011872e-03  8.492073e-09
6.309573e-03  4.819464e-09
7.943282e-03  2.730026e-09
1.000000e-02  1.544134e-09
1.258925e-02  8.723414e-10
1.584893e-02  4.923540e-10
1.995262e-02  2.776787e-10
2.511886e-02  1.565124e-10
3.162278e-02  8.817592e-11
3.981072e-02  4.965798e-11
5.011872e-02  2.795763e-11
6.309573e-02  1.573662e-11
7.943282e-02  8.856163e-12
1.000000e-01  4.983350e-12
1.258925e-01  2.803852e-12
1.584893e-01  1.577472e-12
1.995262e-01  8.874738e-13
2.511886e-01  4.992883e-13
3.162278e-01  2.809095e-13
3.981072e-01  1.580596e-13
5.011872e-01  8.894916e-14
6.309573e-01  5.006845e-14
7.943282e-01  2.819266e-14
1.000000e+00  1.588268e-14
1.258925e+00  8.954044e-15
1.584893e+00  5.053015e-15
1.995262e+00  2.855590e-15
2.511886e+00  1.616968e-15
3.162278e+00  9.181365e-16
3.981072e+00  5.233304e-16
5.011872e+00  2.998681e-16
6.309573e+00  1.730589e-16
7.943282e+00  1.008370e-16
1.000000e+01  5.950008e-17
1.258925e+01  3.567976e-17
1.584893e+01  2.182803e-17
1.995262e+01  1.367581e-17
2.511886e+01  8.803443e-18
3.162278e+01  5.834590e-18
3.981072e+01  3.983295e-18
5.011872e+01  2.797791e-18
6.309573e+01  2.016400e-18
7.943282e+01  1.485884e-18
1.000000e+02  1.115162e-18
