I0=1.000000e+00 a=1.000000e+02
每层厚度分别为：4.000000e+01	4.000000e+01	1.000000e+20	
每层电导率分别为：1.000000e-01	1.000000e-01	1.000000e-01	
正演数据：
1.000000e-04  2.161109e-05
1.258925e-04  1.749028e-05
1.584893e-04  1.336351e-05
1.995262e-04  9.689441e-06
2.511886e-04  6.711387e-06
3.162278e-04  4.471432e-06
3.981072e-04  2.884044e-06
5.011872e-04  1.811190e-06
6.309573e-04  1.112928e-06
7.943282e-04  6.718966e-07
1.000000e-03  3.999005e-07
1.258925e-03  2.353040e-07
1.584893e-03  1.371894e-07
1.995262e-03  7.940036e-08
2.511886e-03  4.568536e-08
3.162278e-03  2.616371e-08
3.981072e-03  1.492800e-08
5.011872e-03  8.492071e-09
6.309573e-03  4.819462e-09
7.943282e-03  2.730023e-09
1.000000e-02  1.544130e-09
1.258925e-02  8.723378e-10
1.584893e-02  4.923507e-10
1.995262e-02  2.776757e-10
2.511886e-02  1.565098e-10
3.162278e-02  8.817366e-11
3.981072e-02  4.965607e-11
5.011872e-02  2.795604e-11
6.309573e-02  1.573532e-11
7.943282e-02  8.855090e-12
1.000000e-01  4.982477e-12
1.258925e-01  2.803145e-12
1.584893e-01  1.576902e-12
1.995262e-01  8.870158e-13
2.511886e-01  4.989212e-13
3.162278e-01  2.806154e-13
3.981072e-01  1.578245e-13
5.011872e-01  8.876143e-14
6.309573e-01  4.991895e-14
7.943282e-01  2.807336e-14
1.000000e+00  1.578771e-14
1.258925e+00  8.878603e-15
1.584893e+00  4.992945e-15
1.995262e+00  2.807794e-15
2.511886e+00  1.578960e-15
3.162278e+00  8.879288e-16
3.981072e+00  4.993189e-16
5.011872e+00  2.807834e-16
6.309573e+00  1.579178e-16
7.943282e+00  8.878248e-17
1.000000e+01  4.992850e-17
1.258925e+01  2.807995e-17
1.584893e+01  1.578634e-17
1.995262e+01  8.876285e-18
2.511886e+01  4.988940e-18
3.162278e+01  2.810702e-18
3.981072e+01  1.578376e-18
5.011872e+01  8.864236e-19
6.309573e+01  4.982515e-19
7.943282e+01  2.805068e-19
1.000000e+02  1.582636e-19
