I0=1.000000e+00 a=1.000000e+02
每层厚度分别为：4.000000e+01	4.000000e+01	1.000000e+20	
每层电导率分别为：1.000000e-01	1.000000e-01	1.000000e-01	
正演数据：
1.000000e-04  2.161109e-05
1.258925e-04  1.749028e-05
1.584893e-04  1.336351e-05
1.995262e-04  9.689441e-06
2.511886e-04  6.711387e-06
3.162278e-04  4.471432e-06
3.981072e-04  2.884044e-06
5.011872e-04  1.811190e-06
6.309573e-04  1.112928e-06
7.943282e-04  6.718966e-07
1.000000e-03  3.999005e-07
1.258925e-03  2.353040e-07
1.584893e-03  1.371894e-07
1.995262e-03  7.940035e-08
2.511886e-03  4.568536e-08
3.162278e-03  2.616371e-08
3.981072e-03  1.492800e-08
5.011872e-03  8.492071e-09
6.309573e-03  4.819462e-09
7.943282e-03  2.730023e-09
1.000000e-02  1.544130e-09
1.258925e-02  8.723378e-10
1.584893e-02  4.923507e-10
1.995262e-02  2.776756e-10
2.511886e-02  1.565096e-10
3.162278e-02  8.817357e-11
3.981072e-02  4.965605e-11
5.011872e-02  2.795595e-11
6.309573e-02  1.573534e-11
7.943282e-02  8.855046e-12
1.000000e-01  4.982468e-12
1.258925e-01  2.803109e-12
1.584893e-01  1.576870e-12
1.995262e-01  8.870120e-13
2.511886e-01  4.989084e-13
3.162278e-01  2.806150e-13
3.981072e-01  1.578236e-13
5.011872e-01  8.876052e-14
6.309573e-01  4.991047e-14
7.943282e-01  2.807251e-14
1.000000e+00  1.578451e-14
1.258925e+00  8.873870e-15
1.584893e+00  4.989572e-15
1.995262e+00  2.807414e-15
2.511886e+00  1.577319e-15
3.162278e+00  8.857759e-16
3.981072e+00  4.984216e-16
5.011872e+00  2.802148e-16
6.309573e+00  1.577118e-16
7.943282e+00  8.899899e-17
1.000000e+01  5.020922e-17
1.258925e+01  2.792480e-17
1.584893e+01  1.568270e-17
1.995262e+01  8.644057e-18
2.511886e+01  5.117550e-18
3.162278e+01  2.858635e-18
3.981072e+01  1.440865e-18
5.011872e+01  8.632932e-19
6.309573e+01  4.236314e-19
7.943282e+01  2.287699e-19
1.000000e+02  1.359164e-19
