I0=1.000000e+00 a=1.000000e+02
每层厚度分别为：4.000000e+01	4.000000e+01	1.000000e+20	
每层电导率分别为：1.000000e-01	1.000000e-01	1.000000e-01	
正演数据：
1.000000e-04  2.161109e-05
1.258925e-04  1.749028e-05
1.584893e-04  1.336351e-05
1.995262e-04  9.689441e-06
2.511886e-04  6.711387e-06
3.162278e-04  4.471432e-06
3.981072e-04  2.884044e-06
5.011872e-04  1.811190e-06
6.309573e-04  1.112928e-06
7.943282e-04  6.718966e-07
1.000000e-03  3.999005e-07
1.258925e-03  2.353040e-07
1.584893e-03  1.371894e-07
1.995262e-03  7.940036e-08
2.511886e-03  4.568536e-08
3.162278e-03  2.616371e-08
3.981072e-03  1.492800e-08
5.011872e-03  8.492071e-09
6.309573e-03  4.819462e-09
7.943282e-03  2.730023e-09
1.000000e-02  1.544130e-09
1.258925e-02  8.723378e-10
1.584893e-02  4.923507e-10
1.995262e-02  2.776757e-10
2.511886e-02  1.565098e-10
3.162278e-02  8.817368e-11
3.981072e-02  4.965608e-11
5.011872e-02  2.795603e-11
6.309573e-02  1.573531e-11
7.943282e-02  8.855087e-12
1.000000e-01  4.982476e-12
1.258925e-01  2.803146e-12
1.584893e-01  1.576902e-12
1.995262e-01  8.870154e-13
2.511886e-01  4.989212e-13
3.162278e-01  2.806156e-13
3.981072e-01  1.578249e-13
5.011872e-01  8.876224e-14
6.309573e-01  4.991918e-14
7.943282e-01  2.807395e-14
1.000000e+00  1.578773e-14
1.258925e+00  8.878661e-15
1.584893e+00  4.992894e-15
1.995262e+00  2.807879e-15
2.511886e+00  1.579047e-15
3.162278e+00  8.879696e-16
3.981072e+00  4.994027e-16
5.011872e+00  2.807901e-16
6.309573e+00  1.579221e-16
7.943282e+00  8.879365e-17
1.000000e+01  4.995163e-17
1.258925e+01  2.806314e-17
1.584893e+01  1.579727e-17
1.995262e+01  8.881504e-18
2.511886e+01  5.007864e-18
3.162278e+01  2.804527e-18
3.981072e+01  1.580902e-18
5.011872e+01  8.928368e-19
6.309573e+01  5.017094e-19
7.943282e+01  2.781606e-19
1.000000e+02  1.601538e-19
