I0=1.000000e+00 a=1.000000e+02
每层厚度分别为：4.000000e+01	4.000000e+01	1.000000e+20	
每层电导率分别为：1.000000e-01	1.000000e-01	1.000000e-01	
正演数据：
1.000000e-04  2.161109e-05
1.258925e-04  1.749028e-05
1.584893e-04  1.336351e-05
1.995262e-04  9.689441e-06
2.511886e-04  6.711387e-06
3.162278e-04  4.471432e-06
3.981072e-04  2.884044e-06
5.011872e-04  1.811190e-06
6.309573e-04  1.112928e-06
7.943282e-04  6.718966e-07
1.000000e-03  3.999005e-07
1.258925e-03  2.353040e-07
1.584893e-03  1.371893e-07
1.995262e-03  7.940035e-08
2.511886e-03  4.568536e-08
3.162278e-03  2.616370e-08
3.981072e-03  1.492800e-08
5.011872e-03  8.492069e-09
6.309573e-03  4.819462e-09
7.943282e-03  2.730022e-09
1.000000e-02  1.544130e-09
1.258925e-02  8.723387e-10
1.584893e-02  4.923503e-10
1.995262e-02  2.776747e-10
2.511886e-02  1.565092e-10
3.162278e-02  8.817318e-11
3.981072e-02  4.965595e-11
5.011872e-02  2.795602e-11
6.309573e-02  1.573506e-11
7.943282e-02  8.854934e-12
1.000000e-01  4.982527e-12
1.258925e-01  2.803029e-12
1.584893e-01  1.576945e-12
1.995262e-01  8.870390e-13
2.511886e-01  4.988832e-13
3.162278e-01  2.805902e-13
3.981072e-01  1.578028e-13
5.011872e-01  8.874425e-14
6.309573e-01  4.991148e-14
7.943282e-01  2.804225e-14
1.000000e+00  1.577599e-14
1.258925e+00  8.861560e-15
1.584893e+00  4.991401e-15
1.995262e+00  2.806540e-15
2.511886e+00  1.580875e-15
3.162278e+00  8.798983e-16
3.981072e+00  4.973385e-16
5.011872e+00  2.816895e-16
6.309573e+00  1.555848e-16
7.943282e+00  8.903421e-17
1.000000e+01  5.082617e-17
1.258925e+01  2.648201e-17
1.584893e+01  1.625653e-17
1.995262e+01  7.996340e-18
2.511886e+01  4.572350e-18
3.162278e+01  2.661951e-18
3.981072e+01  1.256153e-18
5.011872e+01  9.643328e-19
6.309573e+01  4.926570e-19
7.943282e+01  1.003061e-19
1.000000e+02  1.432668e-19
