I0=1.000000e+00 a=1.000000e+02
每层厚度分别为：4.000000e+01	4.000000e+01	1.000000e+20	
每层电导率分别为：1.000000e-01	1.000000e-01	1.000000e-01	
正演数据：
1.000000e-04  2.161109e-05
1.258925e-04  1.749028e-05
1.584893e-04  1.336351e-05
1.995262e-04  9.689441e-06
2.511886e-04  6.711387e-06
3.162278e-04  4.471432e-06
3.981072e-04  2.884044e-06
5.011872e-04  1.811190e-06
6.309573e-04  1.112928e-06
7.943282e-04  6.718966e-07
1.000000e-03  3.999005e-07
1.258925e-03  2.353040e-07
1.584893e-03  1.371894e-07
1.995262e-03  7.940036e-08
2.511886e-03  4.568536e-08
3.162278e-03  2.616371e-08
3.981072e-03  1.492800e-08
5.011872e-03  8.492072e-09
6.309573e-03  4.819463e-09
7.943282e-03  2.730023e-09
1.000000e-02  1.544131e-09
1.258925e-02  8.723383e-10
1.584893e-02  4.923512e-10
1.995262e-02  2.776760e-10
2.511886e-02  1.565101e-10
3.162278e-02  8.817392e-11
3.981072e-02  4.965628e-11
5.011872e-02  2.795621e-11
6.309573e-02  1.573545e-11
7.943282e-02  8.855200e-12
1.000000e-01  4.982565e-12
1.258925e-01  2.803217e-12
1.584893e-01  1.576959e-12
1.995262e-01  8.870610e-13
2.511886e-01  4.989570e-13
3.162278e-01  2.806442e-13
3.981072e-01  1.578475e-13
5.011872e-01  8.877981e-14
6.309573e-01  4.993339e-14
7.943282e-01  2.808503e-14
1.000000e+00  1.579696e-14
1.258925e+00  8.885819e-15
1.584893e+00  4.998735e-15
1.995262e+00  2.812418e-15
2.511886e+00  1.582640e-15
3.162278e+00  8.908456e-16
3.981072e+00  5.016393e-16
5.011872e+00  2.826288e-16
6.309573e+00  1.593598e-16
7.943282e+00  8.995211e-17
1.000000e+01  5.085143e-17
1.258925e+01  2.880869e-17
1.584893e+01  1.636918e-17
1.995262e+01  9.339087e-18
2.511886e+01  5.358368e-18
3.162278e+01  3.097865e-18
3.981072e+01  1.809259e-18
5.011872e+01  1.070842e-18
6.309573e+01  6.445429e-19
7.943282e+01  3.961731e-19
1.000000e+02  2.495401e-19
