I0=1.000000e+00 a=1.000000e+02
每层厚度分别为：4.000000e+01	4.000000e+01	1.000000e+20	
每层电导率分别为：1.000000e-02	1.000000e-02	1.000000e-02	
正演数据：
1.000000e-04  5.219995e-07
1.258925e-04  5.078858e-07
1.584893e-04  4.196147e-07
1.995262e-04  3.144603e-07
2.511886e-04  2.204403e-07
3.162278e-04  1.471695e-07
3.981072e-04  9.468798e-08
5.011872e-04  5.920869e-08
6.309573e-04  3.620859e-08
7.943282e-04  2.175945e-08
1.000000e-03  1.289734e-08
1.258925e-03  7.561762e-09
1.584893e-03  4.395435e-09
1.995262e-03  2.537545e-09
2.511886e-03  1.457045e-09
3.162278e-03  8.330394e-10
3.981072e-03  4.746537e-10
5.011872e-03  2.697195e-10
6.309573e-03  1.529376e-10
7.943282e-03  8.657151e-11
1.000000e-02  4.893809e-11
1.258925e-02  2.763450e-11
1.584893e-02  1.559139e-11
1.995262e-02  8.790699e-12
2.511886e-02  4.953677e-12
3.162278e-02  2.790268e-12
3.981072e-02  1.571146e-12
5.011872e-02  8.844426e-13
6.309573e-02  4.977711e-13
7.943282e-02  2.801016e-13
1.000000e-01  1.575951e-13
1.258925e-01  8.865905e-14
1.584893e-01  4.987313e-14
1.995262e-01  2.805305e-14
2.511886e-01  1.577870e-14
3.162278e-01  8.874474e-15
3.981072e-01  4.991149e-15
5.011872e-01  2.807017e-15
6.309573e-01  1.578635e-15
7.943282e-01  8.877909e-16
1.000000e+00  4.992692e-16
1.258925e+00  2.807680e-16
1.584893e+00  1.578942e-16
1.995262e+00  8.879537e-17
2.511886e+00  4.993100e-17
3.162278e+00  2.807989e-17
3.981072e+00  1.579126e-17
5.011872e+00  8.880301e-18
6.309573e+00  4.994340e-18
7.943282e+00  2.808563e-18
1.000000e+01  1.579263e-18
1.258925e+01  8.881066e-19
1.584893e+01  4.995068e-19
1.995262e+01  2.807976e-19
2.511886e+01  1.580329e-19
3.162278e+01  8.885447e-20
3.981072e+01  4.997363e-20
5.011872e+01  2.816217e-20
6.309573e+01  1.583010e-20
7.943282e+01  8.858170e-21
1.000000e+02  5.010932e-21
