I0=1.000000e+00 r=2.000000e+02
每层厚度分别为：4.000000e+01	4.000000e+01	1.000000e+20	
每层电导率分别为：1.000000e-02	1.000000e-02	1.000000e-02	
正演数据：
1.000000e-04  5.219988e-07
1.258925e-04  5.078855e-07
1.584893e-04  4.196146e-07
1.995262e-04  3.144601e-07
2.511886e-04  2.204403e-07
3.162278e-04  1.471694e-07
3.981072e-04  9.468797e-08
5.011872e-04  5.920765e-08
6.309573e-04  3.620864e-08
7.943282e-04  2.175943e-08
1.000000e-03  1.289734e-08
1.258925e-03  7.561762e-09
1.584893e-03  4.395434e-09
1.995262e-03  2.537545e-09
2.511886e-03  1.457045e-09
3.162278e-03  8.330395e-10
3.981072e-03  4.746538e-10
5.011872e-03  2.697193e-10
6.309573e-03  1.529375e-10
7.943282e-03  8.657145e-11
1.000000e-02  4.893806e-11
1.258925e-02  2.763448e-11
1.584893e-02  1.559140e-11
1.995262e-02  8.790700e-12
2.511886e-02  4.953677e-12
3.162278e-02  2.790268e-12
3.981072e-02  1.571146e-12
5.011872e-02  8.844426e-13
6.309573e-02  4.977710e-13
7.943282e-02  2.801016e-13
1.000000e-01  1.575951e-13
1.258925e-01  8.865904e-14
1.584893e-01  4.987310e-14
1.995262e-01  2.805306e-14
2.511886e-01  1.577868e-14
3.162278e-01  8.874470e-15
3.981072e-01  4.991137e-15
5.011872e-01  2.807015e-15
6.309573e-01  1.578631e-15
7.943282e-01  8.877882e-16
1.000000e+00  4.992661e-16
1.258925e+00  2.807696e-16
1.584893e+00  1.578936e-16
1.995262e+00  8.879240e-17
2.511886e+00  4.993268e-17
3.162278e+00  2.807967e-17
3.981072e+00  1.579057e-17
5.011872e+00  8.879781e-18
6.309573e+00  4.993509e-18
7.943282e+00  2.808075e-18
1.000000e+01  1.579105e-18
1.258925e+01  8.879997e-19
1.584893e+01  4.993606e-19
1.995262e+01  2.808118e-19
2.511886e+01  1.579124e-19
3.162278e+01  8.880083e-20
3.981072e+01  4.993644e-20
5.011872e+01  2.808135e-20
6.309573e+01  1.579132e-20
7.943282e+01  8.880117e-21
1.000000e+02  4.993659e-21
