I0=1.000000e+00 a=1.000000e+02
每层厚度分别为：4.000000e+01	4.000000e+01	1.000000e+20	
每层电导率分别为：1.000000e-02	1.000000e-02	1.000000e-02	
正演数据：
1.000000e-04  5.218640e-07
1.258925e-04  5.079733e-07
1.584893e-04  4.198105e-07
1.995262e-04  3.146910e-07
2.511886e-04  2.206551e-07
3.162278e-04  1.473361e-07
3.981072e-04  9.479676e-08
5.011872e-04  5.926783e-08
6.309573e-04  3.623404e-08
7.943282e-04  2.176628e-08
1.000000e-03  1.289596e-08
1.258925e-03  7.557915e-09
1.584893e-03  4.391655e-09
1.995262e-03  2.534634e-09
2.511886e-03  1.455048e-09
3.162278e-03  8.317581e-10
3.981072e-03  4.738656e-10
5.011872e-03  2.692481e-10
6.309573e-03  1.526608e-10
7.943282e-03  8.641107e-11
1.000000e-02  4.884590e-11
1.258925e-02  2.758185e-11
1.584893e-02  1.556145e-11
1.995262e-02  8.773722e-12
2.511886e-02  4.944072e-12
3.162278e-02  2.784842e-12
3.981072e-02  1.568084e-12
5.011872e-02  8.827164e-13
6.309573e-02  4.967984e-13
7.943282e-02  2.795538e-13
1.000000e-01  1.572866e-13
1.258925e-01  8.848544e-14
1.584893e-01  4.977540e-14
1.995262e-01  2.799809e-14
2.511886e-01  1.574775e-14
3.162278e-01  8.857072e-15
3.981072e-01  4.981352e-15
5.011872e-01  2.801511e-15
6.309573e-01  1.575536e-15
7.943282e-01  8.860480e-16
1.000000e+00  4.982863e-16
1.258925e+00  2.802189e-16
1.584893e+00  1.575841e-16
1.995262e+00  8.861822e-17
2.511886e+00  4.983471e-17
3.162278e+00  2.802455e-17
3.981072e+00  1.575968e-17
5.011872e+00  8.862374e-18
6.309573e+00  4.983693e-18
7.943282e+00  2.802524e-18
1.000000e+01  1.575966e-18
1.258925e+01  8.862591e-19
1.584893e+01  4.983606e-19
1.995262e+01  2.802222e-19
2.511886e+01  1.576132e-19
3.162278e+01  8.863335e-20
3.981072e+01  4.984152e-20
5.011872e+01  2.803533e-20
6.309573e+01  1.575701e-20
7.943282e+01  8.860082e-21
1.000000e+02  4.984041e-21
