1.000000e-02	
е§бнЪ§ОнЃК
1.000000e-04  3.000000e-07
1.258925e-04  3.000000e-07
1.584893e-04  2.999999e-07
1.995262e-04  2.999978e-07
2.511886e-04  2.999585e-07
3.162278e-04  2.996033e-07
3.981072e-04  2.977522e-07
5.011872e-04  2.915608e-07
6.309573e-04  2.770713e-07
7.943282e-04  2.516213e-07
1.000000e-03  2.161108e-07
1.258925e-03  1.749029e-07
1.584893e-03  1.336351e-07
1.995262e-03  9.689438e-08
2.511886e-03  6.711388e-08
3.162278e-03  4.471432e-08
3.981072e-03  2.884044e-08
5.011872e-03  1.811191e-08
6.309573e-03  1.112928e-08
7.943282e-03  6.718965e-09
1.000000e-02  3.999005e-09
1.258925e-02  2.353040e-09
1.584893e-02  1.371894e-09
1.995262e-02  7.940035e-10
2.511886e-02  4.568536e-10
3.162278e-02  2.616371e-10
3.981072e-02  1.492800e-10
5.011872e-02  8.492071e-11
6.309573e-02  4.819462e-11
7.943282e-02  2.730023e-11
1.000000e-01  1.544130e-11
1.258925e-01  8.723378e-12
1.584893e-01  4.923507e-12
1.995262e-01  2.776757e-12
2.511886e-01  1.565098e-12
3.162278e-01  8.817366e-13
3.981072e-01  4.965607e-13
5.011872e-01  2.795604e-13
6.309573e-01  1.573531e-13
7.943282e-01  8.855090e-14
1.000000e+00  4.982477e-14
1.258925e+00  2.803146e-14
1.584893e+00  1.576903e-14
1.995262e+00  8.870157e-15
2.511886e+00  4.989210e-15
3.162278e+00  2.806154e-15
3.981072e+00  1.578247e-15
5.011872e+00  8.876163e-16
6.309573e+00  4.991893e-16
7.943282e+00  2.807353e-16
1.000000e+01  1.578782e-16
1.258925e+01  8.878555e-17
1.584893e+01  4.992962e-17
1.995262e+01  2.807830e-17
2.511886e+01  1.578996e-17
3.162278e+01  8.879508e-18
3.981072e+01  4.993387e-18
5.011872e+01  2.808020e-18
6.309573e+01  1.579080e-18
7.943282e+01  8.879884e-19
1.000000e+02  4.993558e-19
