I0=1.000000e+00 r=1.000000e-01
每层厚度分别为：4.000000e+01	4.000000e+01	1.000000e+20	
每层电导率分别为：1.000000e-02	1.000000e-02	1.000000e-02	
正演数据：
1.000000e-05  3.031716e-07
1.496236e-05  3.018063e-07
2.238721e-05  2.998704e-07
3.349654e-05  2.993689e-07
5.011872e-05  2.996095e-07
7.498942e-05  2.998289e-07
1.122018e-04  2.999408e-07
1.678804e-04  2.999762e-07
2.511886e-04  2.999521e-07
3.758374e-04  2.984768e-07
5.623413e-04  2.855836e-07
8.413951e-04  2.435626e-07
1.258925e-03  1.749026e-07
1.883649e-03  1.054833e-07
2.818383e-03  5.502448e-08
4.216965e-03  2.573297e-08
6.309573e-03  1.112928e-08
9.440609e-03  4.558259e-09
1.412538e-02  1.798536e-09
2.113489e-02  6.918754e-10
3.162278e-02  2.616370e-10
4.731513e-02  9.780615e-11
7.079458e-02  3.628049e-11
1.059254e-01  1.338838e-11
1.584893e-01  4.923507e-12
2.371374e-01  1.806391e-12
3.548134e-01  6.617194e-13
5.308844e-01  2.421500e-13
7.943282e-01  8.855091e-14
1.188502e+00  3.236681e-14
1.778279e+00  1.182692e-14
2.660725e+00  4.320694e-15
3.981072e+00  1.578247e-15
5.956621e+00  5.764427e-16
8.912509e+00  2.105283e-16
1.333521e+01  7.688590e-17
1.995262e+01  2.807831e-17
2.985383e+01  1.025385e-17
4.466836e+01  3.744536e-18
6.683439e+01  1.367430e-18
1.000000e+02  4.993557e-19
