I0=1.000000e+00 r=2.500000e+01
每层厚度分别为：4.000000e+01	4.000000e+01	1.000000e+20	
每层电导率分别为：1.000000e-02	1.000000e-02	1.000000e-02	
正演数据：
1.000000e-05  2.158729e-04
1.258925e-05  1.696787e-04
1.584893e-05  1.274721e-04
1.995262e-05  9.176143e-05
2.511886e-05  6.352143e-05
3.162278e-05  4.246638e-05
3.981072e-05  2.754219e-05
5.011872e-05  1.740645e-05
6.309573e-05  1.076407e-05
7.943282e-05  6.537401e-06
1.000000e-04  3.911948e-06
1.258925e-04  2.312757e-06
1.584893e-04  1.353980e-06
1.995262e-04  7.864394e-07
2.511886e-04  4.539067e-07
3.162278e-04  2.606567e-07
3.981072e-04  1.490804e-07
5.011872e-04  8.499342e-08
6.309573e-04  4.833439e-08
7.943282e-04  2.743285e-08
1.000000e-03  1.554610e-08
1.258925e-03  8.799622e-09
1.584893e-03  4.976529e-09
1.995262e-03  2.812646e-09
2.511886e-03  1.588983e-09
3.162278e-03  8.974496e-10
3.981072e-03  5.068153e-10
5.011872e-03  2.862211e-10
6.309573e-03  1.616616e-10
7.943282e-03  9.132795e-11
1.000000e-02  5.161099e-11
1.258925e-02  2.917824e-11
1.584893e-02  1.650402e-11
1.995262e-02  9.340518e-12
2.511886e-02  5.289804e-12
3.162278e-02  2.998014e-12
3.981072e-02  1.700570e-12
5.011872e-02  9.655198e-13
6.309573e-02  5.487497e-13
7.943282e-02  3.122613e-13
1.000000e-01  1.779112e-13
