I0=1.000000e+00 r=5.000000e+01
每层厚度分别为：4.000000e+01	4.000000e+01	1.000000e+20	
每层电导率分别为：1.000000e-02	1.000000e-02	1.000000e-02	
正演数据：
1.000000e-04  3.627162e-06
1.258925e-04  2.172393e-06
1.584893e-04  1.285626e-06
1.995262e-04  7.533652e-07
2.511886e-04  4.379172e-07
3.162278e-04  2.528894e-07
3.981072e-04  1.452667e-07
5.011872e-04  8.308955e-08
6.309573e-04  4.736274e-08
7.943282e-04  2.692362e-08
1.000000e-03  1.527128e-08
1.258925e-03  8.646785e-09
1.584893e-03  4.889063e-09
1.995262e-03  2.761289e-09
2.511886e-03  1.558159e-09
3.162278e-03  8.786268e-10
3.981072e-03  4.951679e-10
5.011872e-03  2.789369e-10
6.309573e-03  1.570742e-10
7.943282e-03  8.842613e-11
1.000000e-02  4.976897e-11
1.258925e-02  2.800651e-11
1.584893e-02  1.575788e-11
1.995262e-02  8.865175e-12
2.511886e-02  4.986983e-12
3.162278e-02  2.805160e-12
3.981072e-02  1.577802e-12
5.011872e-02  8.874178e-13
6.309573e-02  4.991006e-13
7.943282e-02  2.806957e-13
1.000000e-01  1.578605e-13
1.258925e-01  8.877765e-14
1.584893e-01  4.992609e-14
1.995262e-01  2.807673e-14
2.511886e-01  1.578925e-14
3.162278e-01  8.879194e-15
3.981072e-01  4.993247e-15
5.011872e-01  2.807958e-15
6.309573e-01  1.579053e-15
7.943282e-01  8.879763e-16
1.000000e+00  4.993501e-16
1.258925e+00  2.808072e-16
1.584893e+00  1.579103e-16
1.995262e+00  8.879989e-17
2.511886e+00  4.993602e-17
3.162278e+00  2.808117e-17
3.981072e+00  1.579124e-17
5.011872e+00  8.880080e-18
6.309573e+00  4.993643e-18
7.943282e+00  2.808135e-18
1.000000e+01  1.579132e-18
1.258925e+01  8.880116e-19
1.584893e+01  4.993659e-19
1.995262e+01  2.808142e-19
2.511886e+01  1.579135e-19
3.162278e+01  8.880130e-20
3.981072e+01  4.993665e-20
5.011872e+01  2.808145e-20
6.309573e+01  1.579136e-20
7.943282e+01  8.880136e-21
1.000000e+02  4.993668e-21
