I0=1.000000e+00 a=1.000000e+02
每层厚度分别为：4.000000e+01	4.000000e+01	1.000000e+20	
每层电导率分别为：1.000000e-02	1.000000e-02	1.000000e-02	
正演数据：
1.000000e-04  3.627286e-06
1.258925e-04  2.172141e-06
1.584893e-04  1.285201e-06
1.995262e-04  7.529261e-07
2.511886e-04  4.375475e-07
3.162278e-04  2.526140e-07
3.981072e-04  1.450779e-07
5.011872e-04  8.296728e-08
6.309573e-04  4.728672e-08
7.943282e-04  2.687771e-08
1.000000e-03  1.524412e-08
1.258925e-03  8.630954e-09
1.584893e-03  4.879930e-09
1.995262e-03  2.756057e-09
2.511886e-03  1.555178e-09
3.162278e-03  8.769344e-10
3.981072e-03  4.942095e-10
5.011872e-03  2.783951e-10
6.309573e-03  1.567683e-10
7.943282e-03  8.825364e-11
1.000000e-02  4.967176e-11
1.258925e-02  2.795176e-11
1.584893e-02  1.572704e-11
1.995262e-02  8.847818e-12
2.511886e-02  4.977216e-12
3.162278e-02  2.799663e-12
3.981072e-02  1.574710e-12
5.011872e-02  8.856782e-13
6.309573e-02  4.981221e-13
7.943282e-02  2.801453e-13
1.000000e-01  1.575510e-13
1.258925e-01  8.860354e-14
1.584893e-01  4.982816e-14
1.995262e-01  2.802166e-14
2.511886e-01  1.575828e-14
3.162278e-01  8.861781e-15
3.981072e-01  4.983451e-15
5.011872e-01  2.802451e-15
6.309573e-01  1.575956e-15
7.943282e-01  8.862340e-16
1.000000e+00  4.983716e-16
1.258925e+00  2.802556e-16
1.584893e+00  1.576005e-16
1.995262e+00  8.862560e-17
2.511886e+00  4.983809e-17
3.162278e+00  2.802625e-17
3.981072e+00  1.576034e-17
5.011872e+00  8.862708e-18
6.309573e+00  4.983680e-18
7.943282e+00  2.802763e-18
1.000000e+01  1.576063e-18
1.258925e+01  8.863504e-19
1.584893e+01  4.983433e-19
1.995262e+01  2.803086e-19
2.511886e+01  1.575967e-19
3.162278e+01  8.862393e-20
3.981072e+01  4.983825e-20
5.011872e+01  2.802065e-20
6.309573e+01  1.575799e-20
7.943282e+01  8.854122e-21
1.000000e+02  4.986034e-21
