I0=1.000000e+00 a=1.000000e+02
每层厚度分别为：4.000000e+01	4.000000e+01	1.000000e+20	
每层电导率分别为：1.000000e-02	1.000000e-02	1.000000e-02	
正演数据：
1.000000e-04  3.627164e-06
1.258925e-04  2.172393e-06
1.584893e-04  1.285625e-06
1.995262e-04  7.533653e-07
2.511886e-04  4.379173e-07
3.162278e-04  2.528894e-07
3.981072e-04  1.452667e-07
5.011872e-04  8.308955e-08
6.309573e-04  4.736274e-08
7.943282e-04  2.692362e-08
1.000000e-03  1.527128e-08
1.258925e-03  8.646784e-09
1.584893e-03  4.889063e-09
1.995262e-03  2.761289e-09
2.511886e-03  1.558159e-09
3.162278e-03  8.786267e-10
3.981072e-03  4.951678e-10
5.011872e-03  2.789369e-10
6.309573e-03  1.570742e-10
7.943282e-03  8.842612e-11
1.000000e-02  4.976897e-11
1.258925e-02  2.800651e-11
1.584893e-02  1.575788e-11
1.995262e-02  8.865174e-12
2.511886e-02  4.986983e-12
3.162278e-02  2.805159e-12
3.981072e-02  1.577802e-12
5.011872e-02  8.874178e-13
6.309573e-02  4.991006e-13
7.943282e-02  2.806956e-13
1.000000e-01  1.578606e-13
1.258925e-01  8.877769e-14
1.584893e-01  4.992608e-14
1.995262e-01  2.807677e-14
2.511886e-01  1.578927e-14
3.162278e-01  8.879209e-15
3.981072e-01  4.993271e-15
5.011872e-01  2.807976e-15
6.309573e-01  1.579048e-15
7.943282e-01  8.879770e-16
1.000000e+00  4.993533e-16
1.258925e+00  2.808163e-16
1.584893e+00  1.579121e-16
1.995262e+00  8.880064e-17
2.511886e+00  4.993555e-17
3.162278e+00  2.808596e-17
3.981072e+00  1.579221e-17
5.011872e+00  8.879429e-18
6.309573e+00  4.994870e-18
7.943282e+00  2.808521e-18
1.000000e+01  1.579288e-18
1.258925e+01  8.887027e-19
1.584893e+01  4.998807e-19
1.995262e+01  2.810328e-19
2.511886e+01  1.579551e-19
3.162278e+01  8.892628e-20
3.981072e+01  5.012229e-20
5.011872e+01  2.811830e-20
6.309573e+01  1.583253e-20
7.943282e+01  8.938386e-21
1.000000e+02  5.042619e-21
