I0=1.000000e+00 r=5.000000e+01
每层厚度分别为：4.000000e+01	4.000000e+01	1.000000e+20	
每层电导率分别为：1.000000e-02	1.000000e-02	1.000000e-02	
正演数据：
1.000000e-05  1.998943e-04
1.258925e-05  1.481950e-04
1.584893e-05  1.077332e-04
1.995262e-05  7.664974e-05
2.511886e-05  5.325009e-05
3.162278e-05  3.606922e-05
3.981072e-05  2.381805e-05
5.011872e-05  1.535095e-05
6.309573e-05  9.676706e-06
7.943282e-05  5.981346e-06
1.000000e-04  3.635180e-06
1.258925e-04  2.177931e-06
1.584893e-04  1.289411e-06
1.995262e-04  7.559277e-07
2.511886e-04  4.396373e-07
3.162278e-04  2.540354e-07
3.981072e-04  1.460254e-07
5.011872e-04  8.358903e-08
6.309573e-04  4.769003e-08
7.943282e-04  2.713720e-08
1.000000e-03  1.541018e-08
1.258925e-03  8.736860e-09
1.584893e-03  4.947335e-09
1.995262e-03  2.798912e-09
2.511886e-03  1.582412e-09
3.162278e-03  8.942405e-10
3.981072e-03  5.052090e-10
5.011872e-03  2.853886e-10
6.309573e-03  1.612160e-10
7.943282e-03  9.108185e-11
1.000000e-02  5.147242e-11
1.258925e-02  2.909927e-11
1.584893e-02  1.645301e-11
1.995262e-02  9.305840e-12
2.511886e-02  5.273852e-12
3.162278e-02  2.995732e-12
3.981072e-02  1.697820e-12
5.011872e-02  9.551130e-13
6.309573e-02  5.358419e-13
7.943282e-02  3.049568e-13
1.000000e-01  1.786596e-13
