I0=1.000000e+00 r=5.000000e+01
每层厚度分别为：4.000000e+01	4.000000e+01	1.000000e+10	
每层电导率分别为：1.000000e-02	1.000000e-02	1.000000e-02	
正演数据：
1.000000e-05  1.998938e-04
1.258925e-05  1.481953e-04
1.584893e-05  1.077333e-04
1.995262e-05  7.664966e-05
2.511886e-05  5.325008e-05
3.162278e-05  3.606923e-05
3.981072e-05  2.381805e-05
5.011872e-05  1.535095e-05
6.309573e-05  9.676704e-06
7.943282e-05  5.981346e-06
1.000000e-04  3.635179e-06
1.258925e-04  2.177931e-06
1.584893e-04  1.289411e-06
1.995262e-04  7.559276e-07
2.511886e-04  4.396372e-07
3.162278e-04  2.540353e-07
3.981072e-04  1.460254e-07
5.011872e-04  8.358902e-08
6.309573e-04  4.769002e-08
7.943282e-04  2.713720e-08
1.000000e-03  1.541018e-08
1.258925e-03  8.736857e-09
1.584893e-03  4.947333e-09
1.995262e-03  2.798911e-09
2.511886e-03  1.582411e-09
3.162278e-03  8.942401e-10
3.981072e-03  5.052088e-10
5.011872e-03  2.853883e-10
6.309573e-03  1.612158e-10
7.943282e-03  9.108273e-11
1.000000e-02  5.147162e-11
1.258925e-02  2.909683e-11
1.584893e-02  1.645545e-11
1.995262e-02  9.311060e-12
2.511886e-02  5.271725e-12
3.162278e-02  2.986825e-12
3.981072e-02  1.693598e-12
5.011872e-02  9.611622e-13
6.309573e-02  5.460248e-13
7.943282e-02  3.105301e-13
1.000000e-01  1.768151e-13
