1.000000e-03	
е§бнЪ§ОнЃК
1.000000e-04  1.544130e-07
1.258925e-04  8.723378e-08
1.584893e-04  4.923507e-08
1.995262e-04  2.776757e-08
2.511886e-04  1.565098e-08
3.162278e-04  8.817366e-09
3.981072e-04  4.965607e-09
5.011872e-04  2.795604e-09
6.309573e-04  1.573531e-09
7.943282e-04  8.855090e-10
1.000000e-03  4.982477e-10
1.258925e-03  2.803146e-10
1.584893e-03  1.576903e-10
1.995262e-03  8.870157e-11
2.511886e-03  4.989210e-11
3.162278e-03  2.806154e-11
3.981072e-03  1.578247e-11
5.011872e-03  8.876163e-12
6.309573e-03  4.991893e-12
7.943282e-03  2.807353e-12
1.000000e-02  1.578782e-12
1.258925e-02  8.878555e-13
1.584893e-02  4.992962e-13
1.995262e-02  2.807830e-13
2.511886e-02  1.578996e-13
3.162278e-02  8.879508e-14
3.981072e-02  4.993386e-14
5.011872e-02  2.808020e-14
6.309573e-02  1.579081e-14
7.943282e-02  8.879884e-15
1.000000e-01  4.993558e-15
1.258925e-01  2.808095e-15
1.584893e-01  1.579114e-15
1.995262e-01  8.880006e-16
2.511886e-01  4.993610e-16
3.162278e-01  2.808105e-16
3.981072e-01  1.579101e-16
5.011872e-01  8.880006e-17
6.309573e-01  4.993532e-17
7.943282e-01  2.808040e-17
1.000000e+00  1.579075e-17
1.258925e+00  8.878965e-18
1.584893e+00  4.992751e-18
1.995262e+00  2.807650e-18
2.511886e+00  1.578165e-18
3.162278e+00  8.886121e-19
3.981072e+00  4.989498e-19
5.011872e+00  2.800494e-19
6.309573e+00  1.577514e-19
7.943282e+00  8.847090e-20
1.000000e+01  4.976488e-20
1.258925e+01  2.829768e-20
1.584893e+01  1.593777e-20
1.995262e+01  8.782038e-21
2.511886e+01  5.204170e-21
3.162278e+01  2.764716e-21
3.981072e+01  1.626303e-21
5.011872e+01  6.505213e-22
6.309573e+01  3.252607e-22
7.943282e+01  1.626303e-22
1.000000e+02  0.000000e+00
