I0=1.000000e+00 r=1.000000e-01
每层厚度分别为：4.000000e+01	4.000000e+01	1.000000e+20	
每层电导率分别为：1.000000e-03	1.000000e-03	1.000000e-03	
正演数据：
1.000000e-05  3.999004e-05
1.496236e-05  1.571175e-05
2.238721e-05  6.026758e-06
3.349654e-05  2.274639e-06
5.011872e-05  8.492070e-07
7.498942e-05  3.147322e-07
1.122018e-04  1.160758e-07
1.678804e-04  4.266956e-08
2.511886e-04  1.565098e-08
3.758374e-04  5.732280e-09
5.623413e-04  2.097428e-09
8.413951e-04  7.669404e-10
1.258925e-03  2.803146e-10
1.883649e-03  1.024242e-10
2.818383e-03  3.741743e-11
4.216965e-03  1.366749e-11
6.309573e-03  4.991894e-12
9.440609e-03  1.823125e-12
1.412538e-02  6.658107e-13
2.113489e-02  2.431497e-13
3.162278e-02  8.879509e-14
4.731513e-02  3.242643e-14
7.079458e-02  1.184148e-14
1.059254e-01  4.324248e-15
1.584893e-01  1.579115e-15
2.371374e-01  5.766545e-16
3.548134e-01  2.105800e-16
5.308844e-01  7.689851e-17
7.943282e-01  2.808139e-17
1.188502e+00  1.025461e-17
1.778279e+00  3.744719e-18
2.660725e+00  1.367475e-18
3.981072e+00  4.993666e-19
5.956621e+00  1.823558e-19
8.912509e+00  6.659163e-20
1.333521e+01  2.431754e-20
1.995262e+01  8.880138e-21
2.985383e+01  3.242800e-21
4.466836e+01  1.184187e-21
6.683439e+01  4.324251e-22
1.000000e+02  1.579149e-22
