I0=1.000000e+00 a=1.000000e+02
每层厚度分别为：4.000000e+01	4.000000e+01	1.000000e+20	
每层电导率分别为：1.000000e-02	1.000000e-02	1.000000e-02	
正演数据：
1.000000e-04  3.999004e-06
1.258925e-04  2.353039e-06
1.584893e-04  1.371893e-06
1.995262e-04  7.940034e-07
2.511886e-04  4.568535e-07
3.162278e-04  2.616370e-07
3.981072e-04  1.492800e-07
5.011872e-04  8.492071e-08
6.309573e-04  4.819462e-08
7.943282e-04  2.730022e-08
1.000000e-03  1.544130e-08
1.258925e-03  8.723378e-09
1.584893e-03  4.923507e-09
1.995262e-03  2.776757e-09
2.511886e-03  1.565098e-09
3.162278e-03  8.817366e-10
3.981072e-03  4.965607e-10
5.011872e-03  2.795604e-10
6.309573e-03  1.573531e-10
7.943282e-03  8.855090e-11
1.000000e-02  4.982477e-11
1.258925e-02  2.803146e-11
1.584893e-02  1.576902e-11
1.995262e-02  8.870156e-12
2.511886e-02  4.989210e-12
3.162278e-02  2.806155e-12
3.981072e-02  1.578247e-12
5.011872e-02  8.876165e-13
6.309573e-02  4.991888e-13
7.943282e-02  2.807351e-13
1.000000e-01  1.578785e-13
1.258925e-01  8.878545e-14
1.584893e-01  4.992975e-14
1.995262e-01  2.807830e-14
2.511886e-01  1.578994e-14
3.162278e-01  8.879480e-15
3.981072e-01  4.993367e-15
5.011872e-01  2.808093e-15
6.309573e-01  1.579065e-15
7.943282e-01  8.880060e-16
1.000000e+00  4.993764e-16
1.258925e+00  2.808149e-16
1.584893e+00  1.579325e-16
1.995262e+00  8.879357e-17
2.511886e+00  4.993337e-17
3.162278e+00  2.807919e-17
3.981072e+00  1.579629e-17
5.011872e+00  8.882276e-18
6.309573e+00  4.996776e-18
7.943282e+00  2.809079e-18
1.000000e+01  1.579144e-18
1.258925e+01  8.879400e-19
1.584893e+01  5.010745e-19
1.995262e+01  2.801540e-19
2.511886e+01  1.578531e-19
3.162278e+01  8.861158e-20
3.981072e+01  5.037789e-20
5.011872e+01  2.795952e-20
6.309573e+01  1.574879e-20
7.943282e+01  8.586257e-21
1.000000e+02  4.998772e-21
