I0=1.000000e+00 r=1.000000e-01
每层厚度分别为：4.000000e+01	4.000000e+01	1.000000e+20	
每层电导率分别为：1.000000e-02	1.000000e-02	1.000000e-02	
正演数据：
1.000000e-04  3.999004e-06
1.258925e-04  2.353039e-06
1.584893e-04  1.371893e-06
1.995262e-04  7.940034e-07
2.511886e-04  4.568540e-07
3.162278e-04  2.616370e-07
3.981072e-04  1.492800e-07
5.011872e-04  8.492070e-08
6.309573e-04  4.819461e-08
7.943282e-04  2.730022e-08
1.000000e-03  1.544130e-08
1.258925e-03  8.723378e-09
1.584893e-03  4.923507e-09
1.995262e-03  2.776757e-09
2.511886e-03  1.565098e-09
3.162278e-03  8.817367e-10
3.981072e-03  4.965608e-10
5.011872e-03  2.795604e-10
6.309573e-03  1.573531e-10
7.943282e-03  8.855091e-11
1.000000e-02  4.982477e-11
1.258925e-02  2.803146e-11
1.584893e-02  1.576903e-11
1.995262e-02  8.870158e-12
2.511886e-02  4.989210e-12
3.162278e-02  2.806155e-12
3.981072e-02  1.578247e-12
5.011872e-02  8.876164e-13
6.309573e-02  4.991894e-13
7.943282e-02  2.807353e-13
1.000000e-01  1.578783e-13
1.258925e-01  8.878557e-14
1.584893e-01  4.992962e-14
1.995262e-01  2.807831e-14
2.511886e-01  1.578996e-14
3.162278e-01  8.879509e-15
3.981072e-01  4.993388e-15
5.011872e-01  2.808021e-15
6.309573e-01  1.579081e-15
7.943282e-01  8.879888e-16
1.000000e+00  4.993557e-16
1.258925e+00  2.808097e-16
1.584893e+00  1.579115e-16
1.995262e+00  8.880039e-17
2.511886e+00  4.993625e-17
3.162278e+00  2.808127e-17
3.981072e+00  1.579128e-17
5.011872e+00  8.880100e-18
6.309573e+00  4.993652e-18
7.943282e+00  2.808139e-18
1.000000e+01  1.579133e-18
1.258925e+01  8.880123e-19
1.584893e+01  4.993662e-19
1.995262e+01  2.808143e-19
2.511886e+01  1.579135e-19
3.162278e+01  8.880133e-20
3.981072e+01  4.993666e-20
5.011872e+01  2.808145e-20
6.309573e+01  1.579136e-20
7.943282e+01  8.880137e-21
1.000000e+02  4.993668e-21
