I0=1.000000e+00 a=1.000000e+02
每层厚度分别为：4.000000e+01	4.000000e+01	1.000000e+20	
每层电导率分别为：1.000000e-02	1.000000e-02	1.000000e-02	
正演数据：
1.000000e-04  3.998921e-06
1.258925e-04  2.352169e-06
1.584893e-04  1.370920e-06
1.995262e-04  7.932021e-07
2.511886e-04  4.562797e-07
3.162278e-04  2.612580e-07
3.981072e-04  1.490420e-07
5.011872e-04  8.477636e-08
6.309573e-04  4.810904e-08
7.943282e-04  2.725028e-08
1.000000e-03  1.541247e-08
1.258925e-03  8.706859e-09
1.584893e-03  4.914092e-09
1.995262e-03  2.771410e-09
2.511886e-03  1.562069e-09
3.162278e-03  8.800246e-10
3.981072e-03  4.955941e-10
5.011872e-03  2.790152e-10
6.309573e-03  1.570458e-10
7.943282e-03  8.837780e-11
1.000000e-02  4.972729e-11
1.258925e-02  2.797658e-11
1.584893e-02  1.573814e-11
1.995262e-02  8.852780e-12
2.511886e-02  4.979433e-12
3.162278e-02  2.800654e-12
3.981072e-02  1.575153e-12
5.011872e-02  8.858761e-13
6.309573e-02  4.982105e-13
7.943282e-02  2.801848e-13
1.000000e-01  1.575686e-13
1.258925e-01  8.861140e-14
1.584893e-01  4.983171e-14
1.995262e-01  2.802324e-14
2.511886e-01  1.575899e-14
3.162278e-01  8.862073e-15
3.981072e-01  4.983590e-15
5.011872e-01  2.802517e-15
6.309573e-01  1.575979e-15
7.943282e-01  8.862455e-16
1.000000e+00  4.983767e-16
1.258925e+00  2.802576e-16
1.584893e+00  1.576027e-16
1.995262e+00  8.862852e-17
2.511886e+00  4.983906e-17
3.162278e+00  2.802664e-17
3.981072e+00  1.576044e-17
5.011872e+00  8.862147e-18
6.309573e+00  4.983520e-18
7.943282e+00  2.802816e-18
1.000000e+01  1.576247e-18
1.258925e+01  8.862695e-19
1.584893e+01  4.984404e-19
1.995262e+01  2.802983e-19
2.511886e+01  1.573802e-19
3.162278e+01  8.863104e-20
3.981072e+01  4.986310e-20
5.011872e+01  2.799748e-20
6.309573e+01  1.578191e-20
7.943282e+01  8.837484e-21
1.000000e+02  4.985046e-21
