1.000000e-02	
е§бнЪ§ОнЃК
1.000000e-04  3.999005e-06
1.258925e-04  2.353040e-06
1.584893e-04  1.371894e-06
1.995262e-04  7.940035e-07
2.511886e-04  4.568536e-07
3.162278e-04  2.616371e-07
3.981072e-04  1.492800e-07
5.011872e-04  8.492071e-08
6.309573e-04  4.819462e-08
7.943282e-04  2.730023e-08
1.000000e-03  1.544130e-08
1.258925e-03  8.723378e-09
1.584893e-03  4.923507e-09
1.995262e-03  2.776757e-09
2.511886e-03  1.565098e-09
3.162278e-03  8.817366e-10
3.981072e-03  4.965607e-10
5.011872e-03  2.795604e-10
6.309573e-03  1.573531e-10
7.943282e-03  8.855090e-11
1.000000e-02  4.982477e-11
1.258925e-02  2.803146e-11
1.584893e-02  1.576903e-11
1.995262e-02  8.870157e-12
2.511886e-02  4.989210e-12
3.162278e-02  2.806154e-12
3.981072e-02  1.578247e-12
5.011872e-02  8.876163e-13
6.309573e-02  4.991893e-13
7.943282e-02  2.807353e-13
1.000000e-01  1.578782e-13
1.258925e-01  8.878555e-14
1.584893e-01  4.992962e-14
1.995262e-01  2.807830e-14
2.511886e-01  1.578996e-14
3.162278e-01  8.879508e-15
3.981072e-01  4.993386e-15
5.011872e-01  2.808020e-15
6.309573e-01  1.579081e-15
7.943282e-01  8.879884e-16
1.000000e+00  4.993558e-16
1.258925e+00  2.808098e-16
1.584893e+00  1.579114e-16
1.995262e+00  8.879980e-17
2.511886e+00  4.993610e-17
3.162278e+00  2.808105e-17
3.981072e+00  1.579101e-17
5.011872e+00  8.880006e-18
6.309573e+00  4.993532e-18
7.943282e+00  2.808040e-18
1.000000e+01  1.579075e-18
1.258925e+01  8.878965e-19
1.584893e+01  4.993402e-19
1.995262e+01  2.808300e-19
2.511886e+01  1.578165e-19
3.162278e+01  8.886121e-20
3.981072e+01  4.989498e-20
5.011872e+01  2.800494e-20
6.309573e+01  1.574262e-20
7.943282e+01  8.847090e-21
1.000000e+02  4.976488e-21
