I0=1.000000e+00 a=1.000000e+02
每层厚度分别为：4.000000e+01	4.000000e+01	1.000000e+20	
每层电导率分别为：1.000000e-02	1.000000e-02	1.000000e-02	
正演数据：
1.000000e-04  4.007834e-06
1.258925e-04  2.359145e-06
1.584893e-04  1.376064e-06
1.995262e-04  7.968228e-07
2.511886e-04  4.587423e-07
3.162278e-04  2.628926e-07
3.981072e-04  1.501091e-07
5.011872e-04  8.546509e-08
6.309573e-04  4.855032e-08
7.943282e-04  2.753171e-08
1.000000e-03  1.559144e-08
1.258925e-03  8.820511e-09
1.584893e-03  4.986223e-09
1.995262e-03  2.817193e-09
2.511886e-03  1.591143e-09
3.162278e-03  8.984986e-10
3.981072e-03  5.073411e-10
5.011872e-03  2.864891e-10
6.309573e-03  1.618031e-10
7.943282e-03  9.140661e-11
1.000000e-02  5.165575e-11
1.258925e-02  2.920428e-11
1.584893e-02  1.651951e-11
1.995262e-02  9.349881e-12
2.511886e-02  5.295539e-12
3.162278e-02  3.001562e-12
3.981072e-02  1.702775e-12
5.011872e-02  9.669007e-13
6.309573e-02  5.496237e-13
7.943282e-02  3.127917e-13
1.000000e-01  1.782382e-13
1.258925e-01  1.017080e-13
1.584893e-01  5.812638e-14
1.995262e-01  3.327464e-14
2.511886e-01  1.908251e-14
3.162278e-01  1.096482e-14
3.981072e-01  6.313562e-15
5.011872e-01  3.643496e-15
6.309573e-01  2.107641e-15
7.943282e-01  1.222283e-15
1.000000e+00  7.107293e-16
1.258925e+00  4.144297e-16
1.584893e+00  2.423620e-16
1.995262e+00  1.421651e-16
2.511886e+00  8.365208e-17
3.162278e+00  4.937984e-17
3.981072e+00  2.924401e-17
5.011872e+00  1.737621e-17
6.309573e+00  1.035884e-17
7.943282e+00  6.195881e-18
1.000000e+01  3.718080e-18
1.258925e+01  2.238399e-18
1.584893e+01  1.351853e-18
1.995262e+01  8.189510e-19
2.511886e+01  4.975975e-19
3.162278e+01  3.032076e-19
3.981072e+01  1.852630e-19
5.011872e+01  1.134920e-19
6.309573e+01  6.969602e-20
7.943282e+01  4.289970e-20
1.000000e+02  2.646307e-20
