I0=1.000000e+00 a=1.000000e+02
每层厚度分别为：4.000000e+01	4.000000e+01	1.000000e+20	
每层电导率分别为：1.000000e-01	1.000000e-01	1.000000e-01	
正演数据：
1.000000e-04  2.162050e-05
1.258925e-04  1.749908e-05
1.584893e-04  1.337134e-05
1.995262e-04  9.696093e-06
2.511886e-04  6.716814e-06
3.162278e-04  4.475706e-06
3.981072e-04  2.887308e-06
5.011872e-04  1.813618e-06
6.309573e-04  1.114693e-06
7.943282e-04  6.731553e-07
1.000000e-03  4.007834e-07
1.258925e-03  2.359145e-07
1.584893e-03  1.376064e-07
1.995262e-03  7.968228e-08
2.511886e-03  4.587423e-08
3.162278e-03  2.628926e-08
3.981072e-03  1.501091e-08
5.011872e-03  8.546509e-09
6.309573e-03  4.855032e-09
7.943282e-03  2.753171e-09
1.000000e-02  1.559144e-09
1.258925e-02  8.820511e-10
1.584893e-02  4.986223e-10
1.995262e-02  2.817193e-10
2.511886e-02  1.591143e-10
3.162278e-02  8.984986e-11
3.981072e-02  5.073411e-11
5.011872e-02  2.864891e-11
6.309573e-02  1.618031e-11
7.943282e-02  9.140661e-12
1.000000e-01  5.165575e-12
1.258925e-01  2.920428e-12
1.584893e-01  1.651951e-12
1.995262e-01  9.349881e-13
2.511886e-01  5.295539e-13
3.162278e-01  3.001562e-13
3.981072e-01  1.702775e-13
5.011872e-01  9.669007e-14
6.309573e-01  5.496237e-14
7.943282e-01  3.127917e-14
1.000000e+00  1.782382e-14
1.258925e+00  1.017080e-14
1.584893e+00  5.812638e-15
1.995262e+00  3.327464e-15
2.511886e+00  1.908251e-15
3.162278e+00  1.096482e-15
3.981072e+00  6.313562e-16
5.011872e+00  3.643496e-16
6.309573e+00  2.107641e-16
7.943282e+00  1.222283e-16
1.000000e+01  7.107293e-17
1.258925e+01  4.144297e-17
1.584893e+01  2.423620e-17
1.995262e+01  1.421651e-17
2.511886e+01  8.365208e-18
3.162278e+01  4.937984e-18
3.981072e+01  2.924401e-18
5.011872e+01  1.737621e-18
6.309573e+01  1.035884e-18
7.943282e+01  6.195881e-19
1.000000e+02  3.718080e-19
